300	19.18580375782881
300.50024764735	19.51878914405011
301.0004952947	19.96555323590815
301.500742942051	19.78601252609603
302.000990589401	19.78288100208768
302.501238236751	19.78496868475992
303.001485884101	19.33507306889353
303.501733531451	19.42171189979123
304.001981178801	19.6972860125261
304.502228826152	19.70250521920669
305.002476473502	19.4446764091858
305.502724120852	19.71503131524009
306.002971768202	19.7223382045929
306.503219415552	19.52505219206681
307.003467062902	18.90292275574113
307.503714710253	18.81837160751567
308.003962357603	18.78288100208768
308.504210004953	18.74425887265136
309.004457652303	19.1169102296451
309.504705299653	18.80688935281837
310.004952947003	18.8329853862213
310.505200594354	19.01983298538623
311.005448241704	19.39770354906056
311.505695889054	18.72755741127348
312.005943536404	18.89039665970773
312.506191183754	19.26096033402923
313.006438831105	19.12839248434238
313.506686478455	18.94258872651358
314.006934125805	19.33402922755741
314.507181773155	19.38517745302713
315.007429420505	19.94258872651357
315.507677067855	20.00313152400835
316.007924715206	20.06576200417537
316.508172362556	19.31628392484343
317.008420009906	19.59603340292276
317.508667657256	19.44676409185805
318.008915304606	19.60229645093946
318.509162951956	19.76304801670147
319.009410599307	19.50521920668059
319.509658246657	19.76096033402923
320.009905894007	19.53966597077245
320.510153541357	19.24947807933195
321.010401188707	19.30584551148225
321.510648836057	18.84655532359081
322.010896483408	19.24217118997913
322.511144130758	19.13465553235908
323.011391778108	19.25574112734864
323.511639425458	19.14405010438414
324.011887072808	18.91753653444676
324.512134720158	19.96033402922755
325.012382367509	19.96242171189979
325.512630014859	19.84029227557411
326.012877662209	20.10855949895616
326.513125309559	19.87160751565762
327.013372956909	19.97286012526096
327.51362060426	20.47599164926931
328.01386825161	20.38830897703549
328.51411589896	20.34655532359082
329.01436354631	20.80897703549061
329.51461119366	21.31419624217119
330.01485884101	21.27974947807934
330.515106488361	20.52400835073069
331.015354135711	20.7713987473904
331.515601783061	20.42171189979123
332.015849430411	21.13048016701462
332.516097077761	20.68997912317327
333.016344725111	20.6231732776618
333.516592372462	20.94989561586639
334.016840019812	21.14613778705637
334.517087667162	20.99582463465553
335.017335314512	20.67223382045929
335.517582961862	20.56680584551149
336.017830609212	20.91231732776618
336.518078256563	20.66701461377871
337.018325903913	20.56576200417537
337.518573551263	20.48643006263048
338.018821198613	20.45302713987474
338.519068845963	20.81628392484344
339.019316493314	20.0302713987474
339.519564140664	20.02087682672234
340.019811788014	20.241127348643
340.520059435364	20.57202505219208
341.020307082714	20.58872651356995
341.520554730064	21.09290187891441
342.020802377415	20.92693110647181
342.521050024765	20.61377870563674
343.021297672115	20.58455114822547
343.521545319465	21.22233820459291
344.021792966815	21.67014613778706
344.522040614165	21.36951983298538
345.022288261516	21.51043841336116
345.522535908866	22.87891440501045
346.022783556216	24.18684759916495
346.523031203566	28.16597077244259
347.023278850916	32.61795407098122
347.523526498266	38.53235908141964
348.023774145617	41.56263048016702
348.524021792967	42.51565762004179
349.024269440317	39.13048016701462
349.524517087667	34.15553235908141
350.024764735017	29.25052192066805
350.525012382367	24.55010438413361
351.025260029718	21.87995824634655
351.525507677068	20.12839248434237
352.025755324418	19.4384133611691
352.526002971768	19.48851774530272
353.026250619118	18.84759916492693
353.526498266469	18.91022964509395
354.026745913819	18.79331941544885
354.526993561169	19.40396659707725
355.027241208519	18.92484342379958
355.527488855869	18.62004175365345
356.027736503219	18.10855949895615
356.52798415057	18.23486430062631
357.02823179792	17.40501043841336
357.52847944527	17.13152400835074
358.02872709262	16.44989561586639
358.52897473997	15.7338204592902
359.02922238732	15.61482254697286
359.529470034671	15.14405010438414
360.029717682021	15.09603340292276
360.529965329371	14.49791231732776
361.030212976721	14.28079331941545
361.530460624071	14.50313152400835
362.030708271421	14.49164926931107
362.530955918772	14.8757828810021
363.031203566122	14.55949895615866
363.531451213472	15.09290187891441
364.031698860822	15.10647181628392
364.531946508172	15.37160751565763
365.032194155523	15.48643006263048
365.532441802873	16.32881002087683
366.032689450223	19.50730688935282
366.532937097573	28.13569937369521
367.033184744923	42.79853862212943
367.533432392273	57.31941544885177
368.033680039624	63.48121085594991
368.533927686974	62.83298538622128
369.034175334324	53.23277661795407
369.534422981674	37.29645093945721
370.034670629024	24.00835073068895
370.534918276374	16.22964509394573
371.035165923725	12.22651356993737
371.535413571075	10.64300626304802
372.035661218425	9.628392484342383
372.535908865775	9.501043841336116
373.036156513125	9.123173277661795
373.536404160476	8.728601252609604
374.036651807826	8.795407098121084
374.536899455176	8.653444676409192
375.037147102526	8.49060542797495
375.537394749876	8.208768267223384
376.037642397226	8.328810020876826
376.537890044577	8.123173277661794
377.038137691927	8.515657620041754
377.538385339277	7.937369519832987
378.038632986627	8.237995824634654
378.538880633977	7.948851774530271
379.039128281327	8.580375782881005
379.539375928678	8.140918580375786
380.039623576028	8.288100208768268
380.539871223378	7.982254697286013
381.040118870728	7.997912317327767
381.540366518078	8.045929018789145
382.040614165428	7.549060542797493
382.540861812779	7.609603340292275
383.041109460129	7.510438413361164
383.541357107479	7.72129436325679
384.041604754829	7.573068893528182
384.541852402179	7.252609603340289
385.042100049529	7.427974947807936
385.54234769688	7.467640918580382
386.04259534423	7.3643006263048
386.54284299158	7.48329853862213
387.04309063893	7.48434237995825
387.54333828628	7.570981210855952
388.043585933631	7.463465553235908
388.543833580981	7.194154488517751
389.044081228331	7.381002087682669
389.544328875681	7.265135699373695
390.044576523031	7.256784968684761
390.544824170381	7.063674321503137
391.045071817732	7.337160751565762
391.545319465082	6.999999999999998
392.045567112432	7.431106471816283
392.545814759782	7.442588726513567
393.046062407132	7.222338204592898
393.546310054482	7.262004175365346
394.046557701833	7.160751565762002
394.546805349183	7.503131524008348
395.047052996533	7.223382045929021
395.547300643883	7.398747390396657
396.047548291233	6.992693110647181
396.547795938583	7.128392484342384
397.048043585934	7.337160751565764
397.548291233284	7.133611691022965
398.048538880634	7.004175365344468
398.548786527984	7.256784968684761
399.049034175334	7.353862212943631
399.549281822685	7.420668058455116
400.049529470035	7.220250521920668
400.549777117385	6.806889352818374
401.050024764735	6.848643006263046
401.550272412085	7.218162839248436
402.050520059435	7.275574112734867
402.550767706786	7.294363256784967
403.051015354136	7.160751565762004
403.551263001486	6.98643006263048
404.051510648836	7.25052192066806
404.551758296186	6.943632567849686
405.052005943536	7.297494780793321
405.552253590887	7.149269311064718
406.052501238237	7.271398747390396
406.552748885587	7.582463465553236
407.052996532937	7.509394572025054
407.553244180287	7.310020876826721
408.053491827637	7.263048016701459
408.553739474988	7.435281837160746
409.053987122338	7.324634655532363
409.554234769688	7.33089770354906
410.054482417038	7.251565762004171
410.554730064388	7.423799582463469
411.054977711739	7.400835073068901
411.555225359089	7.10334029227557
412.055473006439	7.068893528183718
412.555720653789	7.217118997912321
413.055968301139	7.530271398747389
413.556215948489	7.225469728601251
414.05646359584	7.123173277661796
414.55671124319	7.251565762004176
415.05695889054	7.378914405010434
415.55720653789	7.151356993736952
416.05745418524	7.248434237995824
416.55770183259	7.041753653444682
417.057949479941	7.254697286012528
417.558197127291	7.042797494780793
418.058444774641	7.165970772442588
418.558692421991	7.028183716075152
419.058940069341	7.229645093945728
419.559187716691	7.092901878914403
420.059435364042	7.147181628392483
420.559683011392	6.927974947807932
421.059930658742	6.907098121085594
421.560178306092	6.786012526096036
422.060425953442	7.039665970772443
422.560673600792	6.948851774530268
423.060921248143	6.828810020876825
423.561168895493	6.946764091858039
424.061416542843	7.070981210855948
424.561664190193	6.964509394572027
425.061911837543	6.863256784968686
425.562159484894	6.770354906054274
426.062407132244	6.936325678496869
426.562654779594	7.128392484342378
427.062902426944	6.694154488517746
427.563150074294	6.789144050104386
428.063397721644	6.807933194154488
428.563645368995	6.807933194154485
429.063893016345	6.874739039665974
429.564140663695	6.712943632567849
430.064388311045	6.853862212943635
430.564635958395	7.130480167014612
431.064883605745	7.148225469728605
431.565131253096	7.072025052192067
432.065378900446	7.019832985386222
432.565626547796	6.991649269311066
433.065874195146	6.964509394572019
433.566121842496	7.116910229645096
434.066369489846	7.010438413361171
434.566617137197	7.027139874739041
435.066864784547	7.056367432150314
435.567112431897	7.009394572025053
436.067360079247	6.915448851774532
436.567607726597	7.25991649269311
437.067855373948	6.978079331941543
437.568103021298	7.160751565762004
438.068350668648	6.831941544885178
438.568598315998	6.87578288100209
439.068845963348	6.955114822546975
439.569093610698	7.049060542797497
440.069341258049	6.97912317327766
440.569588905399	6.719206680584551
441.069836552749	6.978079331941546
441.570084200099	7.205636743215029
442.070331847449	7.050104384133618
442.570579494799	6.855949895615869
443.07082714215	6.939457202505217
443.5710747895	7.022964509394567
444.07132243685	7.361169102296452
444.5715700842	7.277661795407096
445.07181773155	6.872651356993735
445.5720653789	6.947807933194155
446.072313026251	7.014613778705635
446.572560673601	6.985386221294367
447.072808320951	6.977035490605426
447.573055968301	7.123173277661796
448.073303615651	6.878914405010435
448.573551263001	7.153444676409182
449.073798910352	7.069937369519833
449.574046557702	6.872651356993735
450.074294205052	6.798538622129435
450.574541852402	6.938413361169105
451.074789499752	7.180584551148224
451.575037147103	7.08037578288101
452.075284794453	7.046972860125261
452.575532441803	6.92275574112735
453.075780089153	7.113778705636745
453.576027736503	7.141962421711897
454.076275383853	7.075156576200423
454.576523031204	6.883089770354906
455.076770678554	6.822546972860124
455.577018325904	7.072025052192065
456.077265973254	7.014613778705638
456.577513620604	6.992693110647179
457.077761267954	6.94885177453027
457.578008915305	6.775574112734867
458.078256562655	6.846555323590814
458.578504210005	7.017745302713986
459.078751857355	7
459.578999504705	7.001043841336118
460.079247152055	6.875782881002083
460.579494799406	6.8643006263048
461.079742446756	6.967640918580372
461.579990094106	6.998956158663879
462.080237741456	7.10751565762004
462.580485388806	7.15553235908142
463.080733036157	7.068893528183714
463.580980683507	7.310020876826721
464.081228330857	7.018789144050104
464.581475978207	6.824634655532357
465.081723625557	7.161795407098125
465.581971272907	7.235908141962423
466.082218920258	7.090814196242171
466.582466567608	7.05114822546973
467.082714214958	7.007306889352814
467.582961862308	7.045929018789142
468.083209509658	7.311064718162836
468.583457157008	7.327766179540709
469.083704804359	7.183716075156572
469.583952451709	7.282881002087686
470.084200099059	7.320459290187891
470.584447746409	7.381002087682678
471.084695393759	6.973903966597077
471.584943041109	7.017745302713991
472.08519068846	7.106471816283923
472.58543833581	7.15135699373695
473.08568598316	7.0741127348643
473.58593363051	7.004175365344469
474.08618127786	6.80062630480167
474.58642892521	6.816283924843428
475.086676572561	6.557411273486438
475.586924219911	6.835073068893529
476.087171867261	6.954070981210858
476.587419514611	7.11482254697286
477.087667161961	6.948851774530271
477.587914809312	6.994780793319419
478.088162456662	6.940501043841331
478.588410104012	7.173277661795405
479.088657751362	7.148225469728597
479.588905398712	7.245302713987472
480.089153046062	7.108559498956161
480.589400693413	7.348643006263044
481.089648340763	7.082463465553237
481.589895988113	7.113778705636746
482.090143635463	7.149269311064712
482.590391282813	7.089770354906054
483.090638930163	7.176409185803754
483.590886577514	6.892484342379959
484.091134224864	6.874739039665974
484.591381872214	6.950939457202503
485.091629519564	6.773486430062633
485.591877166914	6.763048016701464
486.092124814264	6.922755741127353
486.592372461615	6.979123173277664
487.092620108965	7.010438413361167
487.592867756315	6.967640918580379
488.093115403665	6.989561586638835
488.593363051015	6.940501043841338
489.093610698366	6.957202505219203
489.593858345716	6.61482254697286
490.094105993066	7.098121085594988
490.594353640416	6.82359081419624
491.094601287766	6.618997912317329
491.594848935116	6.832985386221293
492.095096582467	6.732776617954072
492.595344229817	6.622129436325686
493.095591877167	6.55219206680585
493.595839524517	6.870563674321505
494.096087171867	6.88830897703549
494.596334819217	6.74008350730689
495.096582466568	6.649269311064718
495.596830113918	6.876826722338205
496.097077761268	6.843423799582461
496.597325408618	6.879958246346554
497.097573055968	7.057411273486428
497.597820703318	6.797494780793323
498.098068350669	7.001043841336119
498.598315998019	6.850730688935282
499.098563645369	6.996868475991647
499.598811292719	6.820459290187892
500.099058940069	6.719206680584553
500.59930658742	6.681628392484344
501.09955423477	7.107515657620041
501.59980188212	7.081419624217117
502.10004952947	6.935281837160751
502.60029717682	7.003131524008343
503.10054482417	6.769311064718162
503.600792471521	6.854906054279748
504.101040118871	6.716075156576203
504.601287766221	6.968684759916493
505.101535413571	6.910229645093942
505.601783060921	6.958246346555319
506.102030708271	7.148225469728599
506.602278355622	7.150313152400835
507.102526002972	7.203549060542799
507.602773650322	6.745302713987471
508.103021297672	7.003131524008351
508.603268945022	7.244258872651357
509.103516592372	7.128392484342382
509.603764239723	7.092901878914403
510.104011887073	6.903966597077243
510.604259534423	6.762004175365348
511.104507181773	7.042797494780793
511.604754829123	6.929018789144046
512.105002476473	6.886221294363251
512.605250123824	6.817327766179541
513.105497771174	6.879958246346561
513.605745418524	6.886221294363259
514.105993065874	6.68580375782881
514.606240713224	6.680584551148225
515.106488360575	6.885177453027138
515.606736007925	7.075156576200416
516.106983655275	6.97912317327766
516.607231302625	6.79123173277662
517.107478949975	6.796450939457205
517.607726597325	6.795407098121084
518.107974244676	6.988517745302717
518.608221892026	7.206680584551149
519.108469539376	6.978079331941545
519.608717186726	6.854906054279753
520.108964834076	7.011482254697282
520.609212481426	6.896659707724426
521.109460128777	6.955114822546975
521.609707776127	6.953027139874739
522.109955423477	7.002087682672238
522.610203070827	7.341336116910235
523.110450718177	7.154488517745303
523.610698365527	7.206680584551152
524.110946012878	7.316283924843423
524.611193660228	7.124217118997914
525.111441307578	7.227557411273486
525.611688954928	7.022964509394568
526.111936602278	7.096033402922758
526.612184249629	7.11273486430063
527.112431896979	6.987473903966599
527.612679544329	6.961377870563676
528.112927191679	7.174321503131525
528.613174839029	7.096033402922758
529.113422486379	7.251565762004177
529.61367013373	7.087682672233821
530.11391778108	7.1356993736952
530.61416542843	6.886221294363251
531.11441307578	7.281837160751568
531.61466072313	7.257828810020881
532.11490837048	6.842379958246347
532.615156017831	6.846555323590819
533.115403665181	6.953027139874739
533.615651312531	7.075156576200416
534.115898959881	6.804801670146139
534.616146607231	6.7223382045929
535.116394254581	6.600208768267222
535.616641901932	6.728601252609601
536.116889549282	6.533402922755743
536.617137196632	6.658663883089771
537.117384843982	6.362212943632572
537.617632491332	6.531315240083504
538.117880138682	6.530271398747386
538.618127786033	7.010438413361167
539.118375433383	6.559498956158666
539.618623080733	6.45198329853862
540.118870728083	6.703549060542796
540.619118375433	6.511482254697288
541.119366022784	6.46033402922756
541.619613670134	6.591858037578282
542.119861317484	6.524008350730693
542.620108964834	6.578288100208766
543.120356612184	6.659707724425886
543.620604259534	6.778705636743215
544.120851906885	6.465553235908142
544.621099554235	6.305845511482253
545.121347201585	6.416492693110651
545.621594848935	6.330897703549057
546.121842496285	6.66492693110647
546.622090143635	6.603340292275572
547.122337790986	6.728601252609609
547.622585438336	6.670146137787055
548.122833085686	6.92693110647182
548.623080733036	6.699373695198331
549.123328380386	7.016701461377868
549.623576027736	6.673277661795413
550.123823675087	6.943632567849691
550.624071322437	6.965553235908145
551.124318969787	6.89665970772442
551.624566617137	7.175365344467645
552.124814264487	6.790187891440503
552.625061911838	6.97703549060543
553.125309559188	7.029227557411275
553.625557206538	6.788100208768263
554.125804853888	6.549060542797493
554.626052501238	6.525052192066804
555.126300148588	6.601252609603336
555.626547795939	6.763048016701459
556.126795443289	6.869519832985384
556.627043090639	6.508350730688937
557.127290737989	6.707724425887269
557.627538385339	6.81106471816284
558.12778603269	6.610647181628394
558.62803368004	6.628392484342376
559.12828132739	6.674321503131526
559.62852897474	6.398747390396662
560.12877662209	6.735908141962425
560.62902426944	6.651356993736952
561.12927191679	6.564718162839251
561.629519564141	6.748434237995823
562.129767211491	6.531315240083509
562.630014858841	6.610647181628393
563.130262506191	6.663883089770353
563.630510153541	6.63778705636743
564.130757800892	6.216075156576197
564.631005448242	6.589770354906051
565.131253095592	6.60125260960334
565.631500742942	6.759916492693114
566.131748390292	6.768267223382047
566.631996037642	6.532359081419626
567.132243684993	6.657620041753655
567.632491332343	6.687891440501044
568.132738979693	7.054279749478079
568.632986627043	6.561586638830901
569.133234274393	6.471816283924843
569.633481921743	6.618997912317324
570.133729569094	6.966597077244261
570.633977216444	6.965553235908142
571.134224863794	6.641962421711901
571.634472511144	6.680584551148224
572.134720158494	6.66910229645094
572.634967805845	6.873695198329852
573.135215453195	6.522964509394574
573.635463100545	6.553235908141962
574.135710747895	6.458246346555325
574.635958395245	6.418580375782881
575.136206042595	6.438413361169101
575.636453689945	6.485386221294365
576.136701337296	6.639874739039664
576.636948984646	6.491649269311065
577.137196631996	6.438413361169101
577.637444279346	6.43632567849687
578.137691926696	6.556367432150321
578.637939574047	6.263048016701462
579.138187221397	6.517745302713987
579.638434868747	6.63152400835073
580.138682516097	6.618997912317328
580.638930163447	6.518789144050108
581.139177810797	6.297494780793318
581.639425458148	6.191022964509395
582.139673105498	6.685803757828814
582.639920752848	6.388308977035495
583.140168400198	6.286012526096034
583.640416047548	6.335073068893529
584.140663694898	6.454070981210853
584.640911342249	6.484342379958248
585.141158989599	6.466597077244262
585.641406636949	6.316283924843416
586.141654284299	6.186847599164926
586.641901931649	6.295407098121085
587.142149579	6.6419624217119
587.64239722635	6.581419624217117
588.1426448737	6.625260960334029
588.64289252105	6.432150313152403
589.1431401684	6.614822546972862
589.64338781575	6.312108559498961
590.143635463101	6.507306889352816
590.643883110451	6.340292275574109
591.144130757801	6.475991649269313
591.644378405151	6.527139874739041
592.144626052501	6.724425887265133
592.644873699851	6.730688935281839
593.145121347202	6.70041753653445
593.645368994552	6.527139874739038
594.145616641902	6.790187891440505
594.645864289252	6.575156576200421
595.146111936602	6.68997912317328
595.646359583953	6.545929018789144
596.146607231303	6.682672233820463
596.646854878653	6.441544885177453
597.147102526003	6.293319415448852
597.647350173353	6.451983298538624
598.147597820703	6.295407098121084
598.647845468053	6.227557411273485
599.148093115404	6.313152400835071
599.648340762754	6.063674321503134
600.148588410104	6.187891440501046
600.648836057454	6.176409185803762
601.149083704804	6.02505219206681
601.649331352155	6.078288100208766
602.149578999505	5.885177453027139
602.649826646855	6.110647181628392
603.150074294205	5.974947807933196
603.650321941555	6.110647181628392
604.150569588905	6.068893528183716
604.650817236256	6.099164926931104
605.151064883606	6.04801670146138
605.651312530956	6.123173277661794
606.151560178306	5.986430062630479
606.651807825656	6.093945720250519
607.152055473006	6.227557411273486
607.652303120357	5.995824634655532
608.152550767707	6.189979123173278
608.652798415057	6.131524008350731
609.153046062407	6.18267223382046
609.653293709757	5.982254697286009
610.153541357108	5.871607515657622
610.653789004458	5.831941544885177
611.154036651808	5.957202505219207
611.654284299158	5.586638830897703
612.154531946508	5.838204592901883
612.654779593858	5.848643006263046
613.155027241208	5.95615866388309
613.655274888559	5.522964509394574
614.155522535909	5.585594989561589
614.655770183259	5.611691022964507
615.156017830609	5.77244258872651
615.656265477959	5.678496868475994
616.15651312531	5.55114822546973
616.65676077266	5.549060542797495
617.15700842001	5.550104384133604
617.65725606736	5.467640918580372
618.15750371471	5.486430062630476
618.65775136206	5.563674321503125
619.157999009411	5.577244258872653
619.658246656761	5.554279749478082
620.158494304111	5.717118997912319
620.658741951461	5.604384133611689
621.158989598811	5.412317327766176
621.659237246161	5.552192066805848
622.159484893512	5.602296450939456
622.659732540862	5.839248434237996
623.159980188212	5.935281837160751
623.660227835562	5.665970772442586
624.160475482912	5.849686847599163
624.660723130263	5.838204592901879
625.160970777613	5.878914405010441
625.661218424963	5.923799582463462
626.161466072313	5.892484342379959
626.661713719663	6.039665970772442
627.161961367013	6.100208768267223
627.662209014363	5.981210855949894
628.162456661714	5.905010438413361
628.662704309064	5.641962421711898
629.162951956414	5.469728601252614
629.663199603764	5.586638830897703
630.163447251114	5.87578288100209
630.663694898465	5.609603340292278
631.163942545815	5.568893528183716
631.664190193165	5.600208768267222
632.164437840515	5.658663883089768
632.664685487865	5.621085594989562
633.164933135216	5.67014613778706
633.665180782566	5.586638830897703
634.165428429916	5.455114822546969
634.665676077266	5.609603340292273
635.165923724616	5.628392484342382
635.666171371966	5.511482254697285
636.166419019316	5.268267223382044
636.666666666667	5.349686847599165
637.166914314017	5.477035490605428
637.667161961367	5.525052192066807
638.167409608717	5.593945720250524
638.667657256067	5.621085594989563
639.167904903418	5.520876826722338
639.668152550768	5.677453027139879
640.168400198118	5.416492693110648
640.668647845468	5.541753653444676
641.168895492818	5.484342379958239
641.669143140168	5.628392484342382
642.169390787519	5.71294363256785
642.669638434869	5.622129436325676
643.169886082219	5.556367432150315
643.670133729569	5.558455114822546
644.170381376919	5.53340292275574
644.670629024269	5.305845511482253
645.17087667162	5.416492693110645
645.67112431897	5.366388308977036
646.17137196632	5.429018789144047
646.67161961367	5.366388308977037
647.17186726102	5.263048016701461
647.672114908371	5.480167014613778
648.172362555721	5.311064718162843
648.672610203071	5.099164926931106
649.172857850421	5.135699373695199
649.673105497771	5.149269311064716
650.173353145121	5.127348643006261
650.673600792471	5.179540709812104
651.173848439822	5.317327766179539
651.674096087172	5.045929018789146
652.174343734522	5.256784968684761
652.674591381872	5.276617954070983
653.174839029222	5.319415448851778
653.675086676573	5.227557411273488
654.175334323923	5.390396659707727
654.675581971273	5.225469728601253
655.175829618623	5.297494780793321
655.676077265973	5.254697286012525
656.176324913323	5.344467640918579
656.676572560674	5.133611691022967
657.176820208024	5.148225469728599
657.677067855374	5.282881002087685
658.177315502724	5.244258872651354
658.677563150074	5.25260960334029
659.177810797424	5.299582463465553
659.678058444775	5.104384133611693
660.178306092125	5.1972860125261
660.678553739475	5.19937369519833
661.178801386825	5.185803757828812
661.679049034175	5.195198329853865
662.179296681526	4.968684759916491
662.679544328876	5.019832985386218
663.179791976226	5.049060542797495
663.680039623576	5.097077244258867
664.180287270926	4.990605427974947
664.680534918276	5.036534446764088
665.180782565626	4.901878914405009
665.681030212977	5.017745302713984
666.181277860327	4.966597077244257
666.681525507677	5.087682672233821
667.181773155027	4.974947807933195
667.682020802377	4.932150313152401
668.182268449728	4.992693110647181
668.682516097078	4.760960334029227
669.182763744428	4.56367432150313
669.683011391778	4.86012526096033
670.183259039128	4.713987473903964
670.683506686478	4.687891440501044
671.183754333829	4.790187891440499
671.684001981179	4.756784968684761
672.184249628529	4.868475991649269
672.684497275879	4.994780793319418
673.184744923229	4.638830897703551
673.684992570579	4.939457202505223
674.18524021793	4.949895615866386
674.68548786528	4.951983298538626
675.18573551263	4.944676409185803
675.68598315998	4.913361169102297
676.18623080733	4.989561586638829
676.686478454681	5.2839248434238
677.186726102031	5.184759916492693
677.686973749381	4.975991649269311
678.187221396731	5.026096033402923
678.687469044081	4.966597077244261
679.187716691431	5.199373695198331
679.687964338782	4.902922755741129
680.188211986132	5.059498956158664
680.688459633482	4.958246346555326
681.188707280832	5.233820459290191
681.688954928182	5.05219206680585
682.189202575532	5.079331941544884
682.689450222883	4.887265135699372
683.189697870233	4.839248434237996
683.689945517583	4.972860125260959
684.190193164933	5.089770354906058
684.690440812283	4.983298538622128
685.190688459634	4.961377870563674
685.690936106984	4.917536534446766
686.191183754334	4.855949895615865
686.691431401684	4.82776617954071
687.191679049034	4.849686847599167
687.691926696384	4.815240083507307
688.192174343734	4.895615866388309
688.692421991085	4.819415448851773
689.192669638435	4.721294363256782
689.692917285785	4.830897703549057
690.193164933135	4.507306889352817
690.693412580485	4.719206680584553
691.193660227836	4.657620041753654
691.693907875186	4.71294363256785
692.194155522536	4.572025052192068
692.694403169886	4.443632567849689
693.194650817236	4.615866388308976
693.694898464586	4.852818371607516
694.195146111937	4.749478079331942
694.695393759287	4.605427974947808
695.195641406637	4.464509394572024
695.695889053987	4.515657620041755
696.196136701337	4.826722338204595
696.696384348687	4.596033402922755
697.196631996038	4.465553235908141
697.696879643388	4.651356993736956
698.197127290738	4.824634655532359
698.697374938088	5.049060542797495
699.197622585438	4.706680584551147
699.697870232789	4.794363256784967
700.198117880139	5.109603340292275
700.698365527489	4.963465553235908
701.198613174839	4.860125260960332
701.698860822189	4.691022964509393
702.199108469539	4.816283924843428
702.699356116889	4.788100208768268
703.19960376424	4.996868475991649
703.69985141159	4.883089770354911
704.20009905894	4.837160751565766
704.70034670629	4.590814196242177
705.20059435364	4.982254697286012
705.700842000991	4.978079331941546
706.201089648341	4.858037578288099
706.701337295691	4.861169102296452
707.201584943041	5.050104384133609
707.701832590391	4.966597077244259
708.202080237741	4.940501043841337
708.702327885092	4.755741127348642
709.202575532442	4.565762004175364
709.702823179792	4.60751565762004
710.203070827142	4.706680584551148
710.703318474492	4.82359081419624
711.203566121842	4.446764091858036
711.703813769193	4.755741127348641
712.204061416543	4.858037578288103
712.704309063893	4.652400835073075
713.204556711243	4.689979123173275
713.704804358593	4.745302713987475
714.205052005944	4.773486430062628
714.705299653294	4.866388308977034
715.205547300644	4.782881002087683
715.705794947994	4.649269311064715
716.206042595344	4.469728601252606
716.706290242694	4.518789144050105
717.206537890045	4.617954070981213
717.706785537395	4.519832985386224
718.207033184745	4.522964509394572
718.707280832095	4.505219206680582
719.207528479445	4.436325678496872
719.707776126795	4.579331941544885
720.208023774146	4.598121085594991
720.708271421496	4.534446764091858
721.208519068846	4.440501043841333
721.708766716196	4.606471816283927
722.209014363546	4.633611691022964
722.709262010897	4.716075156576198
723.209509658247	4.544885177453027
723.709757305597	4.444676409185801
724.210004952947	4.562630480167013
724.710252600297	4.730688935281838
725.210500247647	4.801670146137789
725.710747894997	4.625260960334029
726.210995542348	4.556367432150314
726.711243189698	4.799582463465551
727.211490837048	4.751565762004177
727.711738484398	4.468684759916491
728.211986131748	4.567849686847596
728.712233779099	4.491649269311067
729.212481426449	4.438413361169099
729.712729073799	4.552192066805848
730.212976721149	4.5
730.713224368499	4.579331941544886
731.213472015849	4.471816283924844
731.7137196632	4.519832985386222
732.21396731055	4.472860125260965
732.7142149579	4.434237995824634
733.21446260525	4.28810020876827
733.7147102526	4.329853862212944
734.21495789995	4.241127348643008
734.715205547301	4.304801670146137
735.215453194651	4.400835073068891
735.715700842001	4.529227557411271
736.215948489351	4.206680584551151
736.716196136701	4.347599164926934
737.216443784052	3.956158663883093
737.716691431402	4.225469728601253
738.216939078752	4.223382045929018
738.717186726102	4.436325678496869
739.217434373452	4.269311064718164
739.717682020802	4.223382045929019
740.217929668153	4.290187891440501
740.718177315503	4.396659707724424
741.218424962853	4.306889352818367
741.718672610203	4.231732776617957
742.218920257553	4.232776617954071
742.719167904903	4.353862212943635
743.219415552254	4.607515657620041
743.719663199604	4.455114822546968
744.219910846954	4.751565762004177
744.720158494304	4.68997912317328
745.220406141654	4.68580375782881
745.720653789004	4.749478079331942
746.220901436355	4.397703549060543
746.721149083705	4.522964509394577
747.221396731055	4.51356993736952
747.721644378405	4.555323590814196
748.221892025755	4.426931106471815
748.722139673106	4.322546972860123
749.222387320456	4.45929018789144
749.722634967806	4.681628392484342
750.222882615156	4.560542797494781
750.723130262506	4.602296450939458
751.223377909856	4.800626304801672
751.723625557207	4.791231732776615
752.223873204557	4.779749478079334
752.724120851907	4.903966597077241
753.224368499257	4.879958246346553
753.724616146607	5.008350730688936
754.224863793957	4.88830897703549
754.725111441308	4.784968684759918
755.225359088658	4.909185803757834
755.725606736008	4.830897703549065
756.225854383358	4.927974947807933
756.726102030708	5.091858037578288
757.226349678058	4.903966597077242
757.726597325409	4.879958246346555
758.226844972759	4.962421711899792
758.727092620109	5.192066805845512
759.227340267459	5.237995824634657
759.727587914809	4.912317327766183
760.227835562159	4.935281837160752
760.72808320951	5.144050104384133
761.22833085686	5.082463465553237
761.72857850421	5.205636743215031
762.22882615156	5.141962421711902
762.72907379891	5.001043841336117
763.229321446261	5.032359081419626
763.729569093611	5.060542797494779
764.229816740961	4.750521920668056
764.730064388311	4.921711899791232
765.230312035661	4.662839248434233
765.730559683011	4.695198329853864
766.230807330362	4.869519832985386
766.731054977712	4.732776617954069
767.231302625062	4.818371607515658
767.731550272412	4.8580375782881
768.231797919762	5.001043841336117
768.732045567112	4.863256784968683
769.232293214463	4.921711899791234
769.732540861813	4.9321503131524
770.232788509163	4.882045929018786
770.733036156513	4.609603340292277
771.233283803863	4.576200417536536
771.733531451213	4.39561586638831
772.233779098564	4.201461377870565
772.734026745914	3.988517745302715
773.234274393264	3.830897703549061
773.734522040614	3.777661795407097
774.234769687964	3.926931106471814
774.735017335315	3.6482254697286
775.235264982665	3.597077244258875
775.735512630015	3.559498956158664
776.235760277365	3.446764091858038
776.736007924715	3.638830897703549
777.236255572065	3.569937369519836
777.736503219416	3.569937369519834
778.236750866766	3.62212943632568
778.736998514116	3.488517745302712
779.237246161466	3.181628392484344
779.737493808816	3.350730688935284
780.237741456166	3.554279749478077
780.737989103517	3.33507306889353
781.238236750867	3.288100208768268
781.738484398217	3.45615866388309
782.238732045567	3.383089770354906
782.738979692917	3.351774530271397
783.239227340267	3.28810020876827
783.739474987618	3.157620041753652
784.239722634968	3.337160751565763
784.739970282318	3.277661795407099
785.240217929668	3.289144050104384
785.740465577018	3.325678496868479
786.240713224369	3.408141962421713
786.740960871719	3.161795407098119
787.241208519069	3.232776617954072
787.741456166419	3.262004175365344
788.241703813769	3.1356993736952
788.741951461119	3.279749478079334
789.24219910847	3.125260960334031
789.74244675582	3.12421711899791
790.24269440317	3.076200417536533
790.74294205052	3.052192066805844
791.24318969787	3.043841336116911
791.74343734522	3.115866388308977
792.243684992571	3.123173277661794
792.743932639921	3.171189979123174
793.244180287271	3.091858037578288
793.744427934621	3.236951983298541
794.244675581971	2.946764091858038
794.744923229321	2.861169102296452
795.245170876672	2.717118997912317
795.745418524022	3.026096033402922
796.245666171372	2.910229645093948
796.745913818722	2.866388308977036
797.246161466072	2.818371607515659
797.746409113422	2.874739039665971
798.246656760773	2.830897703549059
798.746904408123	2.884133611691023
799.247152055473	2.864300626304801
799.747399702823	2.900835073068893
800.247647350173	2.869519832985384
800.747894997524	2.856993736951984
801.248142644874	2.872651356993738
801.748390292224	2.914405010438413
802.248637939574	2.844467640918579
802.748885586924	3.007306889352819
803.249133234274	2.883089770354905
803.749380881625	2.949895615866386
804.249628528975	2.872651356993733
804.749876176325	2.767223382045929
805.250123823675	2.882045929018789
805.750371471025	2.905010438413359
806.250619118375	2.989561586638834
806.750866765726	2.850730688935283
807.251114413076	2.953027139874739
807.751362060426	2.946764091858038
808.251609707776	3.005219206680583
808.751857355126	2.89248434237996
809.252105002476	2.796450939457202
809.752352649827	2.919624217118998
810.252600297177	2.948851774530272
810.752847944527	2.875782881002087
811.253095591877	3.09812108559499
811.753343239227	3.02609603340292
812.253590886578	3.044885177453027
812.753838533928	3.011482254697287
813.254086181278	2.919624217118999
813.754333828628	2.899791231732777
814.254581475978	3.033402922755742
814.754829123328	2.961377870563674
815.255076770679	2.913361169102295
815.755324418029	3.01774530271399
816.255572065379	2.896659707724423
816.755819712729	3.017745302713988
817.256067360079	2.912317327766179
817.756315007429	2.987473903966599
818.25656265478	2.88204592901879
818.75681030213	3.064718162839248
819.25705794948	3.055323590814194
819.75730559683	3.122129436325678
820.25755324418	3.075156576200417
820.75780089153	3.001043841336117
821.258048538881	3.109603340292276
821.758296186231	3.239039665970773
822.258543833581	3.059498956158664
822.758791480931	3.186847599164927
823.259039128281	3.342379958246347
823.759286775631	3.388308977035491
824.259534422982	3.314196242171192
824.759782070332	3.390396659707726
825.260029717682	3.406054279749478
825.760277365032	3.493736951983299
826.260525012382	3.474947807933191
826.760772659733	3.414405010438414
827.261020307083	3.484342379958248
827.761267954433	3.432150313152404
828.261515601783	3.502087682672236
828.761763249133	3.665970772442589
829.262010896483	3.444676409185805
829.762258543834	3.556367432150312
830.262506191184	3.586638830897704
830.762753838534	3.899791231732777
831.263001485884	3.76409185803758
831.763249133234	4.028183716075156
832.263496780584	4.091858037578287
832.763744427935	4.210855949895618
833.263992075285	4.65866388308977
833.764239722635	4.8580375782881
834.264487369985	4.998956158663879
834.764735017335	4.867432150313154
835.264982664685	4.553235908141964
835.765230312036	4.297494780793319
836.265477959386	3.893528183716075
836.765725606736	3.637787056367431
837.265973254086	3.674321503131523
837.766220901436	3.263048016701463
838.266468548787	3.17536534446764
838.766716196137	3.381002087682673
839.266963843487	3.266179540709813
839.767211490837	3.16283924843424
840.267459138187	3.399791231732778
840.767706785537	3.493736951983299
841.267954432888	3.526096033402922
841.768202080238	3.664926931106467
842.268449727588	3.550104384133613
842.768697374938	3.296450939457205
843.268945022288	3.505219206680585
843.769192669638	3.213987473903968
844.269440316989	2.957202505219206
844.769687964339	2.768267223382048
845.269935611689	2.566805845511483
845.770183259039	2.772442588726513
846.270430906389	2.563674321503131
846.770678553739	2.507306889352818
847.27092620109	2.383089770354906
847.77117384844	2.291231732776617
848.27142149579	2.437369519832985
848.77166914314	2.367432150313153
849.27191679049	2.177453027139877
849.772164437841	2.152400835073069
850.272412085191	2.174321503131522
850.772659732541	2.170146137787056
851.272907379891	2.198329853862212
851.773155027241	2.443632567849686
852.273402674591	2.231732776617954
852.773650321942	2.226513569937369
853.273897969292	2.347599164926932
853.774145616642	2.263048016701462
854.274393263992	2.29749478079332
854.774640911342	2.215031315240084
855.274888558692	2.152400835073068
855.775136206043	2.201461377870563
856.275383853393	2.07724425887265
856.775631500743	1.94676409185804
857.275879148093	1.832985386221296
857.776126795443	1.90918580375783
858.276374442793	1.883089770354907
858.776622090144	1.954070981210855
859.276869737494	1.825678496868478
859.777117384844	1.838204592901879
860.277365032194	1.908141962421712
860.777612679544	1.779749478079335
861.277860326894	2.066805845511482
861.778107974245	1.891440501043842
862.278355621595	1.862212943632569
862.778603268945	1.768267223382046
863.278850916295	1.774530271398747
863.779098563645	1.694154488517744
864.279346210996	1.721294363256785
864.779593858346	1.708768267223383
865.279841505696	1.599164926931107
865.780089153046	1.657620041753655
866.280336800396	1.652400835073068
866.780584447746	1.608559498956159
867.280832095097	1.613778705636744
867.781079742447	1.605427974947808
868.281327389797	1.636743215031315
868.781575037147	1.7160751565762
869.281822684497	1.681628392484342
869.782070331847	1.59081419624217
870.282317979198	1.64509394572025
870.782565626548	1.670146137787056
871.282813273898	1.693110647181629
871.783060921248	1.668058455114822
872.283308568598	1.555323590814195
872.783556215948	1.548016701461378
873.283803863299	1.597077244258874
873.784051510649	1.580375782881002
874.284299157999	1.603340292275573
874.784546805349	1.605427974947809
875.284794452699	1.69937369519833
875.78504210005	1.647181628392484
876.2852897474	1.682672233820459
876.78553739475	1.632567849686847
877.2857850421	1.680584551148227
877.78603268945	1.748434237995824
878.2862803368	1.755741127348643
878.786527984151	1.745302713987474
879.286775631501	1.65240083507307
879.787023278851	1.615866388308976
880.287270926201	1.670146137787056
880.787518573551	1.803757828810021
881.287766220901	1.679540709812108
881.788013868252	1.765135699373696
882.288261515602	1.786012526096033
882.788509162952	1.83194154488518
883.288756810302	1.867432150313153
883.789004457652	1.747390396659708
884.289252105002	1.866388308977035
884.789499752353	1.99686847599165
885.289747399703	1.851774530271399
885.789995047053	1.94989561586639
886.290242694403	1.886221294363258
886.790490341753	1.89144050104384
887.290737989103	1.926931106471818
887.790985636454	1.873695198329855
888.291233283804	2.027139874739039
888.791480931154	1.909185803757828
889.291728578504	1.85490605427975
889.791976225854	1.876826722338206
890.292223873205	1.975991649269312
890.792471520555	1.821503131524008
891.292719167905	1.855949895615867
891.792966815255	2.029227557411275
892.293214462605	1.974947807933195
892.793462109955	2.206680584551147
893.293709757306	2.116910229645094
893.793957404656	1.946764091858039
894.294205052006	1.974947807933195
894.794452699356	2.110647181628392
895.294700346706	2.021920668058454
895.794947994056	2.069937369519833
896.295195641407	2.099164926931106
896.795443288757	2.221294363256784
897.295690936107	2.185803757828811
897.795938583457	2.056367432150313
898.296186230807	2.069937369519833
898.796433878157	2.140918580375784
899.296681525508	2.145093945720251
899.796929172858	2.103340292275574
900.297176820208	2.126304801670149
900.797424467558	2.340292275574112
901.297672114908	2.222338204592902
901.797919762259	2.388308977035491
902.298167409609	2.348643006263047
902.798415056959	2.330897703549061
903.298662704309	2.44572025052192
903.798910351659	2.429018789144051
904.299157999009	2.542797494780791
904.79940564636	2.67223382045929
905.29965329371	2.68997912317328
905.79990094106	2.58455114822547
906.30014858841	2.59081419624217
906.80039623576	2.492693110647183
907.30064388311	2.533402922755741
907.800891530461	2.869519832985385
908.301139177811	3.124217118997914
908.801386825161	3.280793319415448
909.301634472511	3.377870563674322
909.801882119861	3.491649269311064
910.302129767211	3.271398747390398
910.802377414562	3.213987473903969
911.302625061912	3.808977035490607
911.802872709262	3.831941544885178
912.303120356612	3.507306889352818
912.803368003962	3.937369519832986
913.303615651312	5.501043841336121
913.803863298663	7.929018789144051
914.304110946013	6.49060542797495
914.804358593363	4.413361169102297
915.304606240713	3.438413361169102
915.804853888063	2.679540709812108
916.305101535414	2.965553235908143
916.805349182764	2.942588726513569
917.305596830114	2.206680584551149
917.805844477464	1.710855949895616
918.306092124814	1.463465553235908
918.806339772164	1.414405010438414
919.306587419515	1.376826722338205
919.806835066865	1.445720250521921
920.307082714215	1.433194154488519
920.807330361565	1.37473903966597
921.307578008915	1.318371607515657
921.807825656265	1.258872651356994
922.308073303616	1.397703549060542
922.808320950966	1.312108559498957
923.308568598316	1.353862212943632
923.808816245666	1.403966597077243
924.309063893016	1.279749478079332
924.809311540366	1.319415448851775
925.309559187717	1.137787056367432
925.809806835067	1.115866388308977
926.310054482417	1.079331941544885
926.810302129767	1.074112734864301
927.310549777117	1.07098121085595
927.810797424468	1.138830897703549
928.311045071818	1.075156576200418
928.811292719168	1.200417536534446
929.311540366518	1.183716075156576
929.811788013868	1.373695198329854
930.312035661218	1.34133611691023
930.812283308569	1.169102296450939
931.312530955919	1.029227557411274
931.812778603269	0.9237995824634657
932.313026250619	0.9895615866388312
932.813273897969	1.215031315240084
933.313521545319	1.494780793319417
933.81376919267	1.534446764091858
934.31401684002	1.411273486430064
934.81426448737	1.096033402922756
935.31451213472	0.8340292275574113
935.81475978207	0.7849686847599165
936.31500742942	0.7139874739039667
936.815255076771	0.7108559498956158
937.315502724121	0.5939457202505218
937.815750371471	0.5615866388308977
938.315998018821	0.5594989561586639
938.816245666171	0.4572025052192067
939.316493313522	0.5334029227557411
939.816740960872	0.4509394572025052
940.316988608222	0.4467640918580376
940.817236255572	0.4363256784968685
941.317483902922	0.4384133611691022
941.817731550272	0.4613778705636743
942.317979197623	0.4363256784968685
942.818226844973	0.3653444676409186
943.318474492323	0.4175365344467641
943.818722139673	0.3966597077244259
944.318969787023	0.4008350730688935
944.819217434373	0.3528183716075157
945.319465081724	0.3298538622129436
945.819712729074	0.3528183716075157
946.319960376424	0.3862212943632568
946.820208023774	0.3757828810020877
947.320455671124	0.3528183716075157
947.820703318474	0.3841336116910229
948.320950965825	0.3402922755741127
948.821198613175	0.3851774530271398
949.321446260525	0.3048016701461379
949.821693907875	0.3371607515657623
950.321941555225	0.3402922755741128
950.822189202575	0.3121085594989563
951.322436849926	0.2964509394572026
951.822684497276	0.3611691022964509
952.322932144626	0.3361169102296452
952.823179791976	0.3277661795407099
953.323427439326	0.302713987473904
953.823675086677	0.3089770354906054
954.323922734027	0.3444676409185804
954.824170381377	0.3528183716075157
955.324418028727	0.3632567849686849
955.824665676077	0.3507306889352819
956.324913323427	0.3319415448851775
956.825160970778	0.3528183716075157
957.325408618128	0.2526096033402923
957.825656265478	0.3455114822546972
958.325903912828	0.3361169102296451
958.826151560178	0.3089770354906054
959.326399207528	0.3382045929018789
959.826646854879	0.348643006263048
960.326894502229	0.2995824634655532
960.827142149579	0.3475991649269311
961.327389796929	0.3235908141962422
961.827637444279	0.3653444676409186
962.327885091629	0.3048016701461378
962.82813273898	0.348643006263048
963.32838038633	0.3183716075156576
963.82862803368	0.3235908141962422
964.32887568103	0.3444676409185804
964.82912332838	0.3402922755741127
965.329370975731	0.3110647181628394
965.829618623081	0.278705636743215
966.329866270431	0.3340292275574113
966.830113917781	0.3235908141962422
967.330361565131	0.3653444676409186
967.830609212481	0.2818371607515658
968.330856859832	0.3601252609603341
968.831104507182	0.2933194154488517
969.331352154532	0.3121085594989561
969.831599801882	0.3590814196242171
970.331847449232	0.2943632567849687
970.832095096583	0.325678496868476
971.332342743933	0.3152400835073069
971.832590391283	0.3277661795407098
972.332838038633	0.3215031315240083
972.833085685983	0.3089770354906054
973.333333333333	0.2713987473903967
973.833580980683	0.3340292275574113
974.333828628034	0.2922755741127349
974.834076275384	0.3048016701461378
975.334323922734	0.3340292275574113
975.834571570084	0.2807933194154488
976.334819217434	0.2985386221294364
976.835066864784	0.3131524008350731
977.335314512135	0.3465553235908142
977.835562159485	0.2734864300626305
978.335809806835	0.3131524008350731
978.836057454185	0.3068893528183716
979.336305101535	0.2943632567849687
979.836552748886	0.2734864300626305
980.336800396236	0.2943632567849687
980.837048043586	0.3131524008350731
981.337295690936	0.3173277661795407
981.837543338286	0.2964509394572025
982.337790985637	0.2651356993736952
982.838038632987	0.2974947807933193
983.338286280337	0.3382045929018789
983.838533927687	0.2964509394572025
984.338781575037	0.2839248434237996
984.839029222387	0.3382045929018789
985.339276869738	0.325678496868476
985.839524517088	0.3507306889352819
986.339772164438	0.2901878914405011
986.840019811788	0.2860125260960334
987.340267459138	0.3110647181628393
987.840515106488	0.2776617954070981
988.340762753839	0.2734864300626305
988.841010401189	0.2881002087682672
989.341258048539	0.3319415448851775
989.841505695889	0.3194154488517745
990.341753343239	0.3382045929018789
990.842000990589	0.3006263048016701
991.34224863794	0.302713987473904
991.84249628529	0.2776617954070981
992.34274393264	0.3277661795407098
992.84299157999	0.2974947807933194
993.34323922734	0.302713987473904
993.84348687469	0.3079331941544884
994.343734522041	0.3131524008350731
994.843982169391	0.2860125260960334
995.344229816741	0.2651356993736952
995.844477464091	0.3235908141962422
996.344725111441	0.3068893528183716
996.844972758792	0.3319415448851775
997.345220406142	0.3434237995824633
997.845468053492	0.3131524008350731
998.345715700842	0.2713987473903968
998.845963348192	0.3037578288100209
999.346210995542	0.3340292275574113
999.846458642893	0.3820459290187891
1000.34670629024	0.2860125260960334
1000.84695393759	0.3277661795407098
1001.34720158494	0.3486430062630481
1001.84744923229	0.3423799582463465
1002.34769687964	0.3716075156576201
1002.84794452699	0.3726513569937369
1003.34819217434	0.3308977035490606
1003.84843982169	0.348643006263048
1004.34868746904	0.2839248434237996
1004.84893511639	0.267223382045929
1005.34918276374	0.2881002087682672
1005.84943041109	0.3152400835073069
1006.34967805844	0.3068893528183716
1006.84992570579	0.3329853862212944
1007.35017335315	0.3215031315240083
1007.8504210005	0.373695198329854
1008.35066864785	0.3277661795407099
1008.8509162952	0.3340292275574113
1009.35116394255	0.338204592901879
1009.8514115899	0.3799582463465555
1010.35165923725	0.3215031315240083
1010.8519068846	0.348643006263048
1011.35215453195	0.3173277661795407
1011.8524021793	0.3444676409185805
1012.35264982665	0.2651356993736952
1012.852897474	0.302713987473904
1013.35314512135	0.3089770354906054
1013.8533927687	0.2713987473903967
1014.35364041605	0.3298538622129438
1014.8538880634	0.3246346555323591
1015.35413571075	0.3517745302713987
1015.8543833581	0.3204592901878914
1016.35463100545	0.3183716075156575
1016.8548786528	0.372651356993737
1017.35512630015	0.3465553235908142
1017.8553739475	0.3131524008350731
1018.35562159485	0.3382045929018789
1018.8558692422	0.3110647181628394
1019.35611688955	0.2839248434237996
1019.8563645369	0.3350730688935281
1020.35661218425	0.3382045929018789
1020.8568598316	0.2901878914405011
1021.35710747895	0.3110647181628393
1021.8573551263	0.302713987473904
1022.35760277365	0.325678496868476
1022.857850421	0.2995824634655531
1023.35809806835	0.3048016701461378
1023.8583457157	0.2943632567849687
1024.35859336305	0.3413361169102296
1024.8588410104	0.291231732776618
1025.35908865775	0.3089770354906052
1025.8593363051	0.2954070981210856
1026.35958395245	0.2933194154488518
1026.8598315998	0.3194154488517745
1027.36007924715	0.325678496868476
1027.8603268945	0.3162839248434237
1028.36057454185	0.3340292275574113
1028.8608221892	0.3277661795407098
1029.36106983655	0.3048016701461379
1029.8613174839	0.3173277661795408
1030.36156513125	0.2734864300626305
1030.8618127786	0.3632567849686847
1031.36206042595	0.3622129436325677
1031.8623080733	0.2901878914405013
1032.36255572065	0.3528183716075157
1032.862803368	0.3444676409185804
1033.36305101535	0.3340292275574114
1033.8632986627	0.3528183716075157
1034.36354631005	0.2901878914405012
1034.8637939574	0.3778705636743215
1035.36404160475	0.3601252609603341
1035.8642892521	0.3340292275574113
1036.36453689946	0.2881002087682675
1036.86478454681	0.3590814196242172
1037.36503219416	0.3235908141962422
1037.86527984151	0.3580375782881001
1038.36552748886	0.3089770354906056
1038.86577513621	0.3517745302713987
1039.36602278356	0.3110647181628394
1039.86627043091	0.2985386221294363
1040.36651807826	0.3695198329853862
1040.86676572561	0.3768267223382045
1041.36701337296	0.348643006263048
1041.86726102031	0.3277661795407098
1042.36750866766	0.3402922755741127
1042.86775631501	0.3068893528183716
1043.36800396236	0.3215031315240083
1043.86825160971	0.348643006263048
1044.36849925706	0.3006263048016701
1044.86874690441	0.3089770354906054
1045.36899455176	0.3663883089770355
1045.86924219911	0.3590814196242172
1046.36948984646	0.3173277661795407
1046.86973749381	0.3653444676409186
1047.36998514116	0.3778705636743216
1047.87023278851	0.3653444676409186
1048.37048043586	0.3632567849686849
1048.87072808321	0.3413361169102296
1049.37097573056	0.3215031315240083
1049.87122337791	0.3235908141962423
1050.37147102526	0.2922755741127349
1050.87171867261	0.3319415448851775
1051.37196631996	0.3862212943632568
1051.87221396731	0.3465553235908142
1052.37246161466	0.3402922755741127
1052.87270926201	0.3841336116910231
1053.37295690936	0.3423799582463465
1053.87320455671	0.3663883089770355
1054.37345220406	0.3736951983298539
1054.87369985141	0.3966597077244259
1055.37394749876	0.3131524008350731
1055.87419514611	0.3465553235908143
1056.37444279346	0.3862212943632568
1056.87469044081	0.3298538622129436
1057.37493808816	0.3736951983298539
1057.87518573551	0.4133611691022965
1058.37543338286	0.3622129436325678
1058.87568103021	0.3903966597077245
1059.37592867756	0.3893528183716075
1059.87617632491	0.3559498956158664
1060.37642397226	0.3549060542797496
1060.87667161961	0.3590814196242171
1061.37691926696	0.3736951983298539
1061.87716691431	0.3768267223382046
1062.37741456166	0.3684759916492692
1062.87766220901	0.3695198329853862
1063.37790985636	0.3486430062630481
1063.87815750371	0.3444676409185804
1064.37840515106	0.3277661795407098
1064.87865279842	0.3862212943632568
1065.37890044577	0.3862212943632568
1065.87914809312	0.4342379958246347
1066.37939574047	0.4342379958246347
1066.87964338782	0.3632567849686847
1067.37989103517	0.3945720250521921
1067.88013868252	0.3350730688935282
1068.38038632987	0.4258872651356994
1068.88063397722	0.3528183716075157
1069.38088162457	0.3653444676409187
1069.88112927192	0.405010438413361
1070.38137691927	0.407098121085595
1070.88162456662	0.3402922755741127
1071.38187221397	0.3674321503131524
1071.88211986132	0.3684759916492692
1072.38236750867	0.3549060542797495
1072.88261515602	0.3726513569937369
1073.38286280337	0.3580375782881002
1073.88311045072	0.3611691022964512
1074.38335809807	0.3945720250521921
1074.88360574542	0.3611691022964509
1075.38385339277	0.3371607515657619
1075.88410104012	0.3611691022964509
1076.38434868747	0.4112734864300626
1076.88459633482	0.4279749478079332
1077.38484398217	0.4112734864300626
1077.88509162952	0.4154488517745303
1078.38533927687	0.4050104384133612
1078.88558692422	0.3674321503131524
1079.38583457157	0.3653444676409186
1079.88608221892	0.383089770354906
1080.38632986627	0.3768267223382045
1080.88657751362	0.3319415448851775
1081.38682516097	0.3340292275574113
1081.88707280832	0.3632567849686847
1082.38732045567	0.338204592901879
1082.88756810302	0.348643006263048
1083.38781575037	0.3956158663883089
1083.88806339772	0.4039665970772442
1084.38831104507	0.4133611691022965
1084.88855869242	0.3987473903966597
1085.38880633977	0.3862212943632568
1085.88905398712	0.3799582463465553
1086.38930163447	0.3997912317327766
1086.88954928182	0.3945720250521921
1087.38979692917	0.3935281837160751
1087.89004457652	0.3862212943632568
1088.39029222387	0.4488517745302714
1088.89053987122	0.4739039665970773
1089.39078751857	0.3778705636743215
1089.89103516592	0.4050104384133612
1090.39128281327	0.3340292275574113
1090.89153046062	0.383089770354906
1091.39177810797	0.3768267223382049
1091.89202575532	0.3622129436325678
1092.39227340267	0.4196242171189979
1092.89252105002	0.3465553235908142
1093.39276869737	0.3695198329853864
1093.89301634473	0.348643006263048
1094.39326399208	0.3883089770354906
1094.89351163943	0.4258872651356994
1095.39375928678	0.4405010438413361
1095.89400693413	0.3883089770354906
1096.39425458148	0.430062630480167
1096.89450222883	0.3841336116910229
1097.39474987618	0.4279749478079332
1097.89499752353	0.3747390396659708
1098.39524517088	0.4279749478079333
1098.89549281823	0.4217118997912317
1099.39574046558	0.4279749478079333
1099.89598811293	0.4488517745302715
1100.39623576028	0.3903966597077244
1100.89648340763	0.4154488517745303
1101.39673105498	0.3757828810020877
1101.89697870233	0.407098121085595
1102.39722634968	0.3862212943632568
1102.89747399703	0.3841336116910229
1103.39772164438	0.3611691022964509
1103.89796929173	0.3820459290187891
1104.39821693908	0.4196242171189981
1104.89846458643	0.4279749478079332
1105.39871223378	0.4425887265135701
1105.89895988113	0.3924843423799584
1106.39920752848	0.4498956158663883
1106.89945517583	0.3549060542797493
1107.39970282318	0.4164926931106472
1107.89995047053	0.3674321503131524
1108.40019811788	0.396659707724426
1108.90044576523	0.3549060542797495
1109.40069341258	0.3966597077244259
1109.90094105993	0.3736951983298539
1110.40118870728	0.4175365344467641
1110.90143635463	0.4279749478079332
1111.40168400198	0.4342379958246347
1111.90193164933	0.4050104384133613
1112.40217929668	0.347599164926931
1112.90242694403	0.4405010438413361
1113.40267459138	0.4154488517745304
1113.90292223873	0.3632567849686849
1114.40316988608	0.3820459290187891
1114.90341753343	0.3820459290187893
1115.40366518078	0.3736951983298539
1115.90391282813	0.4164926931106471
1116.40416047548	0.3914405010438412
1116.90440812283	0.3528183716075157
1117.40465577018	0.4175365344467641
1117.90490341753	0.3716075156576201
1118.40515106488	0.3736951983298539
1118.90539871223	0.4530271398747391
1119.40564635958	0.4300626304801671
1119.90589400693	0.3820459290187893
1120.40614165428	0.4645093945720252
1120.90638930163	0.4029227557411273
1121.40663694898	0.4331941544885176
1121.90688459633	0.4331941544885177
1122.40713224368	0.4070981210855952
1122.90737989104	0.4279749478079333
1123.40762753839	0.4739039665970772
1123.90787518574	0.5344467640918579
1124.40812283309	0.4665970772442588
1124.90837048044	0.4488517745302714
1125.40861812779	0.4405010438413361
1125.90886577514	0.4759916492693112
1126.40911342249	0.4906054279749478
1126.90936106984	0.4446764091858036
1127.40960871719	0.4425887265135701
1127.90985636454	0.4791231732776618
1128.41010401189	0.407098121085595
1128.91035165924	0.4780793319415449
1129.41059930659	0.5501043841336117
1129.91084695394	0.5135699373695198
1130.41109460129	0.5073068893528184
1130.91134224864	0.5
1131.41158989599	0.4739039665970771
1131.91183754334	0.4843423799582464
1132.41208519069	0.4436325678496869
1132.91233283804	0.4780793319415449
1133.41258048539	0.4342379958246347
1133.91282813274	0.5511482254697286
1134.41307578009	0.4906054279749478
1134.91332342744	0.5594989561586639
1135.41357107479	0.5334029227557411
1135.91381872214	0.4718162839248436
1136.41406636949	0.5052192066805845
1136.91431401684	0.5073068893528184
1137.41456166419	0.4874739039665971
1137.91480931154	0.4979123173277662
1138.41505695889	0.5668058455114823
1138.91530460624	0.511482254697286
1139.41555225359	0.4780793319415449
1139.91579990094	0.5532359081419624
1140.41604754829	0.4572025052192067
1140.91629519564	0.4843423799582464
1141.41654284299	0.488517745302714
1141.91679049034	0.4874739039665972
1142.41703813769	0.5177453027139876
1142.91728578504	0.5427974947807933
1143.41753343239	0.488517745302714
1143.91778107974	0.4446764091858038
1144.41802872709	0.4634655532359082
1144.91827637444	0.5302713987473904
1145.41852402179	0.4843423799582464
1145.91877166914	0.4843423799582464
1146.41901931649	0.5177453027139877
1146.91926696384	0.5365344467640919
1147.41951461119	0.4885177453027141
1147.91976225854	0.4947807933194154
1148.42000990589	0.511482254697286
1148.92025755324	0.5062630480167014
1149.42050520059	0.5010438413361169
1149.92075284794	0.5490605427974948
1150.42100049529	0.4718162839248434
1150.92124814264	0.5824634655532359
1151.42149578999	0.4906054279749478
1151.92174343735	0.569937369519833
1152.4219910847	0.5052192066805848
1152.92223873205	0.5010438413361169
1153.4224863794	0.592901878914405
1153.92273402675	0.6116910229645094
1154.4229816741	0.5908141962421714
1154.92322932145	0.5480167014613777
1155.4234769688	0.5636743215031318
1155.92372461615	0.5887265135699373
1156.4239722635	0.5970772442588728
1156.92421991085	0.6461377870563675
1157.4244675582	0.5636743215031316
1157.92471520555	0.6430062630480168
1158.4249628529	0.615866388308977
1158.92521050025	0.5751565762004174
1159.4254581476	0.5553235908141962
1159.92570579495	0.5532359081419624
1160.4259534423	0.6189979123173278
1160.92620108965	0.6304801670146138
1161.426448737	0.5762004175365346
1161.92669638435	0.6680584551148225
1162.4269440317	0.5542797494780793
1162.92719167905	0.5855949895615866
1163.4274393264	0.6106471816283924
1163.92768697375	0.592901878914405
1164.4279346211	0.6210855949895615
1164.92818226845	0.6012526096033403
1165.4284299158	0.6127348643006262
1165.92867756315	0.6471816283924845
1166.4289252105	0.6471816283924844
1166.92917285785	0.6388308977035492
1167.4294205052	0.62839248434238
1167.92966815255	0.5908141962421714
1168.4299157999	0.6607515657620042
1168.93016344725	0.6847599164926931
1169.4304110946	0.7004175365344466
1169.93065874195	0.6837160751565763
1170.4309063893	0.6868475991649269
1170.93115403665	0.6200417536534446
1171.431401684	0.7223382045929019
1171.93164933135	0.6482254697286013
1172.4318969787	0.6910229645093947
1172.93214462605	0.6294363256784971
1173.4323922734	0.6200417536534447
1173.93263992075	0.651356993736952
1174.4328875681	0.7306889352818373
1174.93313521545	0.7108559498956157
1175.4333828628	0.7766179540709812
1175.93363051015	0.8048016701461378
1176.4338781575	0.81419624217119
1176.93412580485	1.060542797494781
1177.4343734522	1.14509394572025
1177.93462109955	1.39874739039666
1178.4348687469	1.536534446764092
1178.93511639425	1.431106471816284
1179.4353640416	1.3580375782881
1179.93561168895	1.2901878914405
1180.43585933631	1.124217118997912
1180.93610698366	0.8997912317327768
1181.43635463101	0.8037578288100211
1181.93660227836	0.7651356993736952
1182.43684992571	0.7411273486430062
1182.93709757306	0.6336116910229644
1183.43734522041	0.6367432150313154
1183.93759286776	0.615866388308977
1184.43784051511	0.5678496868475994
1184.93808816246	0.603340292275574
1185.43833580981	0.6116910229645094
1185.93858345716	0.5156576200417536
1186.43883110451	0.5135699373695198
1186.93907875186	0.5198329853862212
1187.43932639921	0.6189979123173278
1187.93957404656	0.5636743215031316
1188.43982169391	0.5448851774530271
1188.94006934126	0.5678496868475992
1189.44031698861	0.6012526096033403
1189.94056463596	0.5511482254697286
1190.44081228331	0.5636743215031317
1190.94105993066	0.5929018789144053
1191.44130757801	0.5553235908141961
1191.94155522536	0.5260960334029228
1192.44180287271	0.5031315240083507
1192.94205052006	0.6450939457202505
1193.44229816741	0.5688935281837163
1193.94254581476	0.5793319415448852
1194.44279346211	0.545929018789144
1194.94304110946	0.569937369519833
1195.44328875681	0.6075156576200419
1195.94353640416	0.5960334029227556
1196.44378405151	0.6033402922755741
1196.94403169886	0.6283924843423799
1197.44427934621	0.6388308977035491
1197.94452699356	0.6273486430062631
1198.44477464091	0.5949895615866388
1198.94502228826	0.6064718162839248
1199.44526993561	0.5741127348643006
1199.94551758296	0.5855949895615865
1200.44576523031	0.708768267223382
1200.94601287766	0.6200417536534447
1201.44626052501	0.6388308977035491
1201.94650817236	0.5762004175365344
1202.44675581971	0.5918580375782883
1202.94700346706	0.6524008350730689
1203.44725111441	0.6231732776617954
1203.94749876176	0.6722338204592901
1204.44774640911	0.7275574112734863
1204.94799405646	0.6931106471816285
1205.44824170381	0.6075156576200418
1205.94848935116	0.6826722338204593
1206.44873699851	0.7870563674321505
1206.94898464586	0.6847599164926931
1207.44923229321	0.6617954070981211
1207.94947994056	0.7077244258872654
1208.44972758791	0.732776617954071
1208.94997523526	0.6450939457202505
1209.45022288262	0.6367432150313153
1209.95047052997	0.640918580375783
1210.45071817732	0.5866388308977035
1210.95096582467	0.6492693110647182
1211.45121347202	0.6993736951983299
1211.95146111937	0.6085594989561587
1212.45170876672	0.5824634655532357
1212.95195641407	0.6075156576200418
1213.45220406142	0.6096033402922757
1213.95245170877	0.6096033402922757
1214.45269935612	0.7045929018789145
1214.95294700347	0.7150313152400835
1215.45319465082	0.5782881002087683
1215.95344229817	0.61482254697286
1216.45368994552	0.6513569937369521
1216.95393759287	0.5678496868475992
1217.45418524022	0.5970772442588727
1217.95443288757	0.6899791231732777
1218.45468053492	0.6576200417536535
1218.95492818227	0.7045929018789144
1219.45517582962	0.7056367432150314
1219.95542347697	0.7839248434237994
1220.45567112432	0.8016701461377871
1220.95591877167	0.8037578288100209
1221.45616641902	0.9665970772442588
1221.95641406637	1.097077244258873
1222.45666171372	1.286012526096034
1222.95690936107	1.457202505219208
1223.45715700842	1.762004175365345
1223.95740465577	1.777661795407098
1224.45765230312	2.073068893528183
1224.95789995047	2.15866388308977
1225.45814759782	2.335073068893529
1225.95839524517	2.274530271398747
1226.45864289252	2.19937369519833
1226.95889053987	2.015657620041754
1227.45913818722	1.588726513569938
1227.95938583457	1.12526096033403
1228.45963348192	0.8997912317327766
1228.95988112927	0.6931106471816283
1229.46012877662	0.5313152400835073
1229.96037642397	0.5010438413361169
1230.46062407132	0.3611691022964509
1230.96087171867	0.325678496868476
1231.46111936602	0.3235908141962423
1231.96136701337	0.3068893528183716
1232.46161466072	0.2713987473903968
1232.96186230807	0.2651356993736952
1233.46210995542	0.2943632567849687
1233.96235760277	0.2400835073068893
1234.46260525012	0.2526096033402923
1234.96285289747	0.2787056367432149
1235.46310054482	0.2588726513569938
1235.96334819217	0.1607515657620042
1236.46359583952	0.1732776617954071
1236.96384348687	0.139874739039666
1237.46409113422	0.2014613778705637
1237.96433878157	0.1315240083507307
1238.46458642893	0.1826722338204593
1238.96483407628	0.1419624217118998
1239.46508172363	0.1691022964509395
1239.96532937098	0.1544885177453027
1240.46557701833	0.1607515657620042
1240.96582466568	0.1356993736951983
1241.46607231303	0.1524008350730689
1241.96631996038	0.1315240083507307
1242.46656760773	0.1210855949895616
1242.96681525508	0.1691022964509395
1243.46706290243	0.162839248434238
1243.96731054978	0.1273486430062631
1244.46755819713	0.1336116910229645
1244.96780584448	0.1273486430062631
1245.46805349183	0.1607515657620042
1245.96830113918	0.1169102296450939
1246.46854878653	0.1680584551148225
1246.96879643388	0.1377870563674322
1247.46904408123	0.1492693110647182
1247.96929172858	0.1544885177453027
1248.46953937593	0.1544885177453027
1248.96978702328	0.1252609603340292
1249.47003467063	0.1440501043841336
1249.97028231798	0.1002087682672234
1250.47052996533	0.139874739039666
1250.97077761268	0.1503131524008351
1251.47102526003	0.1377870563674322
1251.97127290738	0.1356993736951983
1252.47152055473	0.1461377870563674
1252.97176820208	0.1607515657620042
1253.47201584943	0.1503131524008351
1253.97226349678	0.1607515657620042
1254.47251114413	0.1189979123173279
1254.97275879148	0.1210855949895616
1255.47300643883	0.1210855949895616
1255.97325408618	0.1189979123173278
1256.47350173353	0.1273486430062631
1256.97374938088	0.1461377870563674
1257.47399702823	0.1482254697286013
1257.97424467558	0.1482254697286013
1258.47449232293	0.1440501043841336
1258.97473997028	0.1377870563674322
1259.47498761763	0.1461377870563674
1259.97523526498	0.1544885177453027
1260.47548291233	0.1753653444676409
1260.97573055968	0.139874739039666
1261.47597820703	0.1586638830897705
1261.97622585438	0.1753653444676409
1262.47647350173	0.1503131524008351
1262.97672114908	0.1805845511482255
1263.47696879643	0.1732776617954071
1263.97721644378	0.1409185803757828
1264.47746409113	0.1221294363256785
1264.97771173848	0.1315240083507307
1265.47795938583	0.162839248434238
1265.97820703318	0.1294363256784969
1266.47845468053	0.1732776617954071
1266.97870232789	0.1503131524008351
1267.47894997524	0.1377870563674322
1267.97919762259	0.1544885177453027
1268.47944526994	0.1795407098121086
1268.97969291729	0.1670146137787056
1269.47994056464	0.1795407098121086
1269.98018821199	0.1774530271398747
1270.48043585934	0.1711899791231733
1270.98068350669	0.1471816283924843
1271.48093115404	0.139874739039666
1271.98117880139	0.18580375782881
1272.48142644874	0.1711899791231733
1272.98167409609	0.1711899791231733
1273.48192174344	0.1524008350730689
1273.98216939079	0.1899791231732777
1274.48241703814	0.1210855949895616
1274.98266468549	0.1544885177453027
1275.48291233284	0.1649269311064718
1275.98315998019	0.1607515657620043
1276.48340762754	0.1774530271398747
1276.98365527489	0.1878914405010439
1277.48390292224	0.1649269311064718
1277.98415056959	0.1649269311064718
1278.48439821694	0.1670146137787056
1278.98464586429	0.1711899791231733
1279.48489351164	0.1920668058455115
1279.98514115899	0.1899791231732777
1280.48538880634	0.1565762004175365
1280.98563645369	0.1910229645093945
1281.48588410104	0.1795407098121086
1281.98613174839	0.1649269311064718
1282.48637939574	0.1753653444676409
1282.98662704309	0.1565762004175366
1283.48687469044	0.2150313152400835
1283.98712233779	0.1670146137787056
1284.48736998514	0.208768267223382
1284.98761763249	0.1336116910229645
1285.48786527984	0.1899791231732777
1285.98811292719	0.1878914405010438
1286.48836057454	0.1920668058455115
1286.98860822189	0.1899791231732778
1287.48885586924	0.1805845511482255
1287.98910351659	0.1461377870563674
1288.48935116394	0.2025052192066806
1288.98959881129	0.1920668058455115
1289.48984645864	0.1837160751565762
1289.99009410599	0.1649269311064718
1290.49034175334	0.1503131524008351
1290.99058940069	0.1294363256784969
1291.49083704804	0.1607515657620042
1291.99108469539	0.1273486430062631
1292.49133234274	0.139874739039666
1292.99157999009	0.1920668058455115
1293.49182763744	0.1565762004175366
1293.99207528479	0.1910229645093945
1294.49232293214	0.1795407098121086
1294.99257057949	0.267223382045929
1295.49281822684	0.3444676409185804
1295.9930658742	0.4906054279749478
1296.49331352155	0.6304801670146137
1296.9935611689	0.8872651356993737
1297.49380881625	1.014613778705637
1297.9940564636	1.072025052192067
1298.49430411095	1.022964509394572
1298.9945517583	0.9519832985386223
1299.49479940565	0.6263048016701461
1299.995047053	0.4551148225469729
1300.49529470035	0.2296450939457204
1300.9955423477	0.1210855949895617
1301.49578999505	0.06889352818371608
1301.9960376424	0.05219206680584551
1302.49628528975	0.0208768267223382
1302.9965329371	0.01878914405010438
1303.49678058445	0.02296450939457203
1303.9970282318	0.008350730688935281
1304.49727587915	0.0104384133611691
1304.9975235265	0.01252609603340292
1305.49777117385	0.004175365344467641
1305.9980188212	0.006263048016701462
1306.49826646855	0.008350730688935281
1306.9985141159	0.0104384133611691
1307.49876176325	0.006263048016701462
1307.9990094106	0
1308.49925705795	0.006263048016701462
1308.9995047053	0.004175365344467641
1309.49975235265	0.006263048016701462
1310	0.01461377870563674
