200	102.6941544885178
200.50024764735	101.6221294363257
201.0004952947	101.7620041753654
201.500742942051	102.4039665970773
202.000990589401	102.9989561586639
202.501238236751	102.3152400835073
203.001485884101	101.4436325678498
203.501733531451	100.8778705636744
204.001981178801	101.3058455114822
204.502228826152	102.0198329853862
205.002476473502	99.03444676409191
205.502724120852	99.73382045929021
206.002971768202	100.8100208768268
206.503219415552	101.213987473904
207.003467062902	101.2338204592902
207.503714710253	99.9384133611691
208.003962357603	100.0146137787057
208.504210004953	100.1388308977036
209.004457652303	100.5208768267224
209.504705299653	98.93945720250527
210.004952947003	100.4979123173278
210.505200594354	101.7546972860126
211.005448241704	100.7192066805846
211.505695889054	100.580375782881
212.005943536404	100.4926931106472
212.506191183754	100.2557411273487
213.006438831105	101.0250521920668
213.506686478455	99.26513569937372
214.006934125805	99.53340292275578
214.507181773155	100.2703549060543
215.007429420505	100.115866388309
215.507677067855	100.3736951983298
216.007924715206	99.74947807933195
216.508172362556	98.74112734864302
217.008420009906	100.4321503131525
217.508667657256	100.3935281837161
218.008915304606	99.03340292275577
218.509162951956	98.53862212943631
219.009410599307	97.95093945720251
219.509658246657	98.87265135699379
220.009905894007	98.25574112734866
220.510153541357	98.37787056367435
221.010401188707	97.0459290187892
221.510648836057	98.34551148225474
222.010896483408	97.54384133611694
222.511144130758	97.6450939457203
223.011391778108	98.29645093945723
223.511639425458	99.43528183716079
224.011887072808	98.7129436325679
224.512134720158	99.5939457202505
225.012382367509	101.1002087682672
225.512630014859	100.2484342379958
226.012877662209	100.106471816284
226.513125309559	99.67745302713993
227.013372956909	100.5594989561587
227.51362060426	98.02296450939457
228.01386825161	100.1148225469729
228.51411589896	99.0219206680585
229.01436354631	100.2056367432151
229.51461119366	99.84968684759922
230.01485884101	99.26722338204596
230.515106488361	97.05636743215032
231.015354135711	97.57306889352822
231.515601783061	98.25469728601257
232.015849430411	98.95302713987476
232.516097077761	98.67014613778707
233.016344725111	98.23799582463469
233.516592372462	100.3423799582464
234.016840019812	99.37369519832986
234.517087667162	99.98121085594991
235.017335314512	100.1169102296451
235.517582961862	97.43528183716079
236.017830609212	97.50730688935283
236.518078256563	97.09603340292276
237.018325903913	96.74112734864302
237.518573551263	95.03653444676414
238.018821198613	93.69206680584554
238.519068845963	93.38308977035493
239.019316493314	94.85908141962422
239.519564140664	95.14718162839252
240.019811788014	95.37891440501046
240.520059435364	93.53027139874744
241.020307082714	93.34342379958251
241.520554730064	93.88517745302715
242.020802377415	93.52818371607523
242.521050024765	93.01252609603341
243.021297672115	92.74947807933199
243.521545319465	94.85073068893529
244.021792966815	94.58455114822553
244.522040614165	98.81837160751572
245.022288261516	104.1210855949896
245.522535908866	114.856993736952
246.022783556216	133.8611691022965
246.523031203566	156.0156576200418
247.023278850916	167.1691022964511
247.523526498266	169.6565762004176
248.023774145617	159.3350730688936
248.524021792967	137.9822546972861
249.024269440317	118.3267223382046
249.524517087667	104.6096033402923
250.024764735017	98.82254697286015
250.525012382367	92.83924843423806
251.025260029718	90.64300626304809
251.525507677068	89.36430062630482
252.025755324418	88.71085594989566
252.526002971768	88.07411273486433
253.026250619118	89.78914405010441
253.526498266469	90.18267223382048
254.026745913819	87.26722338204596
254.526993561169	84.74843423799585
255.027241208519	83.52922755741132
255.527488855869	82.69832985386222
256.027736503219	80.92901878914407
256.52798415057	78.26931106471817
257.02823179792	77.76096033402926
257.52847944527	75.1471816283925
258.02872709262	73.4686847599165
258.52897473997	72.68684759916495
259.02922238732	69.96450939457206
259.529470034671	67.7536534446764
260.029717682021	67.54070981210856
260.529965329371	66.955114822547
261.030212976721	67.0730688935282
261.530460624071	67.39248434238
262.030708271421	66.74530271398748
262.530955918772	67.50417536534448
263.031203566122	67.41022964509395
263.531451213472	67.35699373695199
264.031698860822	68.06471816283926
264.531946508172	71.69832985386225
265.032194155523	80.78601252609602
265.532441802873	109.2473903966597
266.032689450223	161.3611691022965
266.532937097573	203.4467640918582
267.033184744923	221.498956158664
267.533432392273	223.5469728601254
268.033680039624	190.0657620041755
268.533927686974	131.7599164926932
269.034175334324	85.22025052192069
269.534422981674	63.71189979123174
270.034670629024	53.81419624217119
270.534918276374	50.14822546972863
271.035165923725	46.69311064718164
271.535413571075	44.95093945720252
272.035661218425	43.93841336116912
272.535908865775	43.18267223382047
273.036156513125	42.34133611691024
273.536404160476	41.92275574112735
274.036651807826	41.49060542797497
274.536899455176	39.96764091858039
275.037147102526	41.47390396659708
275.537394749876	41.39457202505221
276.037642397226	41.27974947807934
276.537890044577	41
277.038137691927	40.92275574112736
277.538385339277	40.79123173277663
278.038632986627	40.84029227557412
278.538880633977	40.34237995824635
279.039128281327	40.50835073068896
279.539375928678	40.14196242171191
280.039623576028	38.9937369519833
280.539871223378	40.17327766179543
281.040118870728	39.63361169102298
281.540366518078	38.92797494780794
282.040614165428	38.92901878914407
282.540861812779	39.63674321503132
283.041109460129	39.84342379958247
283.541357107479	39.73486430062631
284.041604754829	38.81002087682675
284.541852402179	38.35073068893531
285.042100049529	38.01043841336119
285.54234769688	38.56680584551149
286.04259534423	38.46764091858036
286.54284299158	37.2098121085595
287.04309063893	36.53131524008352
287.54333828628	37.27453027139875
288.043585933631	37.40605427974947
288.543833580981	36.62004175365343
289.044081228331	35.71398747390397
289.544328875681	35.97912317327767
290.044576523031	36.55323590814195
290.544824170381	36.40918580375784
291.045071817732	35.55114822546974
291.545319465082	35.46242171189979
292.045567112432	35.87787056367433
292.545814759782	36.57411273486429
293.046062407132	36.5741127348643
293.546310054482	35.72025052192068
294.046557701833	36.13048016701462
294.546805349183	35.91231732776618
295.047052996533	35.46346555323588
295.547300643883	36.03549060542797
296.047548291233	35.32359081419625
296.547795938583	35.12317327766177
297.048043585934	36.82463465553239
297.548291233284	36.43736951983298
298.048538880634	35.82672233820459
298.548786527984	36.11482254697286
299.049034175334	35.14509394572025
299.549281822685	35.22025052192066
300.049529470035	35.00521920668059
300.549777117385	34.34864300626305
301.050024764735	35.83402922755742
301.550272412085	35.05532359081419
302.050520059435	34.919624217119
302.550767706786	33.9446764091858
303.051015354136	34.19728601252611
303.551263001486	34.0668058455115
304.051510648836	34.34968684759917
304.551758296186	34.33611691022966
305.052005943536	33.92275574112736
305.552253590887	33.54801670146137
306.052501238237	33.40501043841336
306.552748885587	34.10334029227558
307.052996532937	34.13883089770354
307.553244180287	33.62212943632569
308.053491827637	34.91440501043841
308.553739474988	34.26826722338205
309.053987122338	34.19832985386222
309.554234769688	33.50939457202506
310.054482417038	33.87787056367434
310.554730064388	33.61482254697287
311.054977711739	34.50313152400837
311.555225359089	33.96346555323591
312.055473006439	33.19937369519833
312.555720653789	33.84655532359082
313.055968301139	34.01670146137787
313.556215948489	34.04592901878916
314.05646359584	33.25156576200418
314.55671124319	33.43110647181629
315.05695889054	33.05741127348643
315.55720653789	33.92275574112735
316.05745418524	32.95407098121085
316.55770183259	32.85594989561589
317.057949479941	32.46659707724426
317.558197127291	33.46450939457203
318.058444774641	32.69206680584551
318.558692421991	32.47286012526096
319.058940069341	32.51043841336116
319.559187716691	32.8643006263048
320.059435364042	32.34029227557413
320.559683011392	32.31210855949897
321.059930658742	31.74634655532359
321.560178306092	32.30480167014613
322.060425953442	32.46242171189981
322.560673600792	31.98121085594991
323.060921248143	31.28705636743215
323.561168895493	31.20563674321503
324.061416542843	31.41649269311065
324.561664190193	31.54906054279751
325.061911837543	31.76200417536535
325.562159484894	31.11377870563676
326.062407132244	31.65031315240084
326.562654779594	31.22964509394571
327.062902426944	31.45407098121087
327.563150074294	31.7348643006263
328.063397721644	32.25678496868478
328.563645368995	32.81732776617954
329.063893016345	33.0427974947808
329.564140663695	33.15866388308977
330.064388311045	32.40918580375783
330.564635958395	32.40605427974948
331.064883605745	32.1356993736952
331.565131253096	32.22025052192065
332.065378900446	32.34237995824634
332.565626547796	32.5302713987474
333.065874195146	31.82463465553237
333.566121842496	32.02087682672235
334.066369489846	32.43736951983298
334.566617137197	31.85386221294363
335.066864784547	31.88308977035491
335.567112431897	31.26200417536534
336.067360079247	31.38204592901878
336.567607726597	31.49478079331942
337.067855373948	31.3141962421712
337.568103021298	31.1795407098121
338.068350668648	30.85803757828809
338.568598315998	30.79331941544885
339.068845963348	31.60960334029226
339.569093610698	31.10751565762006
340.069341258049	30.6597077244259
340.569588905399	30.84968684759917
341.069836552749	31.10125260960335
341.570084200099	31.4947807933194
342.070331847449	30.7891440501044
342.570579494799	30.66179540709813
343.07082714215	30.86325678496868
343.5710747895	30.92693110647182
344.07132243685	31.46450939457203
344.5715700842	30.32254697286013
345.07181773155	30.73590814196244
345.5720653789	30.86534446764093
346.072313026251	31.37056367432151
346.572560673601	31.00208768267223
347.072808320951	31.57202505219206
347.573055968301	30.84759916492695
348.073303615651	31.99060542797496
348.573551263001	31.91127348643007
349.073798910352	31.79958246346557
349.574046557702	31.88413361169102
350.074294205052	31.52609603340293
350.574541852402	31.71920668058456
351.074789499752	31.78079331941545
351.575037147103	32.01252609603341
352.075284794453	31.49373695198333
352.575532441803	30.85281837160753
353.075780089153	31.73799582463465
353.576027736503	31.46450939457202
354.076275383853	31.28392484342379
354.576523031204	30.25678496868478
355.076770678554	30.48016701461378
355.577018325904	30.37265135699374
356.077265973254	31.26200417536534
356.577513620604	31.24321503131524
357.077761267954	30.63569937369521
357.578008915305	30.52713987473904
358.078256562655	30.69206680584552
358.578504210005	31.598121085595
359.078751857355	30.80167014613779
359.578999504705	30.63674321503132
360.079247152055	30.41231732776619
360.579494799406	30.82045929018789
361.079742446756	31.03027139874738
361.579990094106	31.11482254697286
362.080237741456	30.70563674321502
362.580485388806	30.51878914405012
363.080733036157	30.90292275574113
363.580980683507	31.5542797494781
364.081228330857	30.62630480167017
364.581475978207	29.9070981210856
365.081723625557	29.92693110647183
365.581971272907	30.42379958246346
366.082218920258	30.2954070981211
366.582466567608	30.68893528183717
367.082714214958	30.49478079331942
367.582961862308	30.10229645093943
368.083209509658	30.06993736951982
368.583457157008	29.93110647181629
369.083704804359	29.82150313152401
369.583952451709	29.52192066805846
370.084200099059	29.61273486430063
370.584447746409	29.59081419624217
371.084695393759	29.79018789144051
371.584943041109	29.67954070981211
372.08519068846	29.44258872651359
372.58543833581	29.10125260960335
373.08568598316	29.05532359081419
373.58593363051	29.18893528183716
374.08618127786	28.69624217118997
374.58642892521	29.38517745302715
375.086676572561	29.02192066805847
375.586924219911	28.6722338204593
376.087171867261	29.49060542797494
376.587419514611	29.38622129436326
377.087667161961	29.7599164926931
377.587914809312	29.23695198329854
378.088162456662	29.55427974947808
378.588410104012	29.34237995824635
379.088657751362	29.12526096033404
379.588905398712	28.68684759916494
380.089153046062	28.4561586638831
380.589400693413	28.79331941544886
381.089648340763	28.89874739039668
381.589895988113	28.72233820459291
382.090143635463	28.46659707724426
382.590391282813	28.13048016701461
383.090638930163	27.50730688935282
383.590886577514	28.29436325678498
384.091134224864	28.05427974947808
384.591381872214	27.839248434238
385.091629519564	27.64196242171192
385.591877166914	28.01983298538623
386.092124814264	28.52713987473904
386.592372461615	28.69519832985386
387.092620108965	27.97390396659709
387.592867756315	27.58455114822548
388.093115403665	28.419624217119
388.593363051015	28.78288100208768
389.093610698366	29.55427974947808
389.593858345716	28.43632567849687
390.094105993066	28.34342379958247
390.594353640416	29.55741127348643
391.094601287766	30.04592901878915
391.594848935116	29.32985386221293
392.095096582467	29.22338204592902
392.595344229817	29.8632567849687
393.095591877167	30.06576200417538
393.595839524517	29.89248434237996
394.096087171867	29.53235908141962
394.596334819217	29.07933194154488
395.096582466568	29.70563674321506
395.596830113918	29.52505219206681
396.097077761268	28.85594989561586
396.597325408618	28.01461377870565
397.097573055968	27.9258872651357
397.597820703318	28.05323590814197
398.098068350669	28.44885177453027
398.598315998019	28.00939457202507
399.098563645369	28.06471816283926
399.598811292719	28.81002087682672
400.099058940069	29
400.59930658742	29.05219206680583
401.09955423477	29.51983298538623
401.59980188212	29.12630480167015
402.10004952947	29.78914405010438
402.60029717682	29.53027139874738
403.10054482417	30.04175365344468
403.600792471521	29.3329853862213
404.101040118871	29.23903966597078
404.601287766221	29.71294363256785
405.101535413571	29.50626304801671
405.601783060921	29.37682672233822
406.102030708271	28.6231732776618
406.602278355622	29.01774530271398
407.102526002972	28.52505219206681
407.602773650322	28.38935281837162
408.103021297672	28.2776617954071
408.603268945022	27.97599164926931
409.103516592372	28.62839248434238
409.603764239723	29.11273486430063
410.104011887073	28.66075156576199
410.604259534423	28.6795407098121
411.104507181773	28.20354906054281
411.604754829123	28.09812108559501
412.105002476473	28.43319415448853
412.605250123824	28.10855949895616
413.105497771174	28.05741127348644
413.605745418524	28.41962421711901
414.105993065874	28.89874739039667
414.606240713224	29.27348643006264
415.106488360575	28.96033402922755
415.606736007925	28.25574112734865
416.106983655275	28.57306889352818
416.607231302625	27.94989561586639
417.107478949975	28.88100208768269
417.607726597325	28.53444676409187
418.107974244676	28.48329853862212
418.608221892026	28.93632567849687
419.108469539376	28.4144050104384
419.608717186726	28.48225469728601
420.108964834076	28.50104384133611
420.609212481426	28.13987473903967
421.109460128777	28.11273486430062
421.609707776127	27.65240083507308
422.109955423477	28.2098121085595
422.610203070827	28.59185803757828
423.110450718177	28.24739039665971
423.610698365527	28.80375782881003
424.110946012878	28.57933194154489
424.611193660228	28.241127348643
425.111441307578	28.32881002087684
425.611688954928	28.5929018789144
426.111936602278	28.25469728601254
426.612184249629	28.18997912317329
427.112431896979	27.51356993736954
427.612679544329	28.14613778705636
428.112927191679	28.06680584551148
428.613174839029	27.85073068893529
429.113422486379	27.72755741127348
429.61367013373	27.39770354906055
430.11391778108	27.19102296450939
430.61416542843	27.86430062630482
431.11441307578	27.15866388308977
431.61466072313	27.80480167014614
432.11490837048	27.6356993736952
432.615156017831	28.01148225469728
433.115403665181	27.92693110647182
433.615651312531	28.25052192066805
434.115898959881	27.6722338204593
434.616146607231	28.50417536534447
435.116394254581	28.10647181628392
435.616641901932	28.03444676409185
436.116889549282	28.33507306889353
436.617137196632	28.17327766179541
437.117384843982	28.80480167014612
437.617632491332	28.52609603340294
438.117880138682	28.33089770354906
438.618127786033	27.55219206680585
439.118375433383	27.64613778705638
439.618623080733	28.32881002087682
440.118870728083	27.90187891440501
440.619118375433	28.44572025052192
441.119366022784	28.24634655532358
441.619613670134	28.28914405010438
442.119861317484	27.89352818371608
442.620108964834	27.58141962421713
443.120356612184	27.9436325678497
443.620604259534	27.83716075156577
444.120851906885	28.46242171189978
444.621099554235	28.54488517745303
445.121347201585	28.17745302713988
445.621594848935	27.85073068893529
446.121842496285	28.2338204592902
446.622090143635	28.89352818371608
447.122337790986	28.178496868476
447.622585438336	28.23903966597078
448.122833085686	28.64300626304803
448.623080733036	28.54384133611692
449.123328380386	28.27244258872652
449.623576027736	28.49478079331941
450.123823675087	28.12317327766179
450.624071322437	28.52400835073069
451.124318969787	28.35177453027141
451.624566617137	28.45720250521921
452.124814264487	28.6043841336117
452.625061911838	28.06158663883089
453.125309559188	28.49582463465553
453.625557206538	28.09081419624217
454.125804853888	28.10855949895617
454.626052501238	28.03444676409186
455.126300148588	27.76200417536536
455.626547795939	27.94676409185804
456.126795443289	28.63465553235908
456.627043090639	28.17327766179542
457.127290737989	28.72651356993738
457.627538385339	28.72025052192067
458.127786032689	28.35803757828811
458.62803368004	28.37056367432149
459.12828132739	28.23173277661796
459.62852897474	28.68058455114822
460.12877662209	28.86638830897704
460.62902426944	29.25678496868477
461.129271916791	29.41231732776619
461.629519564141	29.08977035490604
462.129767211491	29.11795407098122
462.630014858841	29.35803757828811
463.130262506191	28.49582463465556
463.630510153541	29.42379958246347
464.130757800892	28.9812108559499
464.631005448242	29.15135699373696
465.131253095592	29.25678496868477
465.631500742942	29.33298538622129
466.131748390292	28.42275574112735
466.631996037642	29.08246346555324
467.132243684993	29.42379958246347
467.632491332343	29.02922755741128
468.132738979693	28.69832985386222
468.632986627043	29.22651356993736
469.133234274393	28.84133611691023
469.633481921743	28.62317327766181
470.133729569094	28.59498956158664
470.633977216444	28.63152400835074
471.134224863794	28.53027139874739
471.634472511144	28.40918580375781
472.134720158494	28.77870563674322
472.634967805844	28.14613778705638
473.135215453195	27.75365344467642
473.635463100545	27.81210855949897
474.135710747895	27.42484342379959
474.635958395245	27.57724425887265
475.136206042595	27.55949895615866
475.636453689946	27.72338204592902
476.136701337296	27.73173277661797
476.636948984646	27.55114822546973
477.137196631996	27.97703549060543
477.637444279346	28.40292275574113
478.137691926696	28.31628392484344
478.637939574047	28.12526096033405
479.138187221397	28.10125260960336
479.638434868747	28.36012526096033
480.138682516097	29.31210855949894
480.638930163447	29.52922755741128
481.139177810797	29.419624217119
481.639425458148	29.03131524008351
482.139673105498	28.6795407098121
482.639920752848	29.44363256784969
483.140168400198	28.75574112734865
483.640416047548	28.83402922755741
484.140663694898	28.04175365344468
484.640911342249	28.25678496868477
485.141158989599	28.03653444676409
485.641406636949	28.38935281837162
486.141654284299	28.45093945720252
486.641901931649	27.72233820459291
487.142149579	27.28183716075156
487.64239722635	27.93841336116911
488.1426448737	28.25052192066807
488.64289252105	27.31106471816284
489.1431401684	27.22442588726513
489.64338781575	26.23277661795409
490.143635463101	27.41649269311065
490.643883110451	27.2651356993737
491.144130757801	27.4749478079332
491.644378405151	27.05010438413361
492.144626052501	26.71711899791233
492.644873699851	27.43736951983299
493.145121347202	28.14822546972861
493.645368994552	27.24739039665972
494.145616641902	27.16492693110646
494.645864289252	27.37056367432151
495.146111936602	28.93319415448852
495.646359583952	29.11795407098122
496.146607231303	28.38413361169102
496.646854878653	28.24634655532358
497.147102526003	28.81732776617955
497.647350173353	29.2275574112735
498.147597820703	29.20668058455115
498.647845468054	28.59498956158665
499.148093115404	28.6346555323591
499.648340762754	28.4572025052192
500.148588410104	29.08141962421712
500.648836057454	28.51983298538622
501.149083704804	27.42171189979123
501.649331352155	27.79331941544886
502.149578999505	27.52087682672235
502.649826646855	27.71607515657622
503.150074294205	27.32985386221295
503.650321941555	26.79645093945722
504.150569588905	27.68475991649268
504.650817236256	27.84446764091859
505.151064883606	26.62108559498957
505.651312530956	26.84551148225471
506.151560178306	26.96137787056368
506.651807825656	27.33716075156576
507.152055473006	27.33924843423799
507.652303120357	26.84446764091857
508.152550767707	27.0187891440501
508.652798415057	26.63674321503132
509.153046062407	27.86638830897705
509.653293709757	27.39248434237997
510.153541357107	27.41753653444677
510.653789004458	27.09707724425889
511.154036651808	27.36221294363256
511.654284299158	27.83924843423801
512.154531946508	27.5615866388309
512.654779593858	27.41753653444677
513.155027241208	27.13361169102296
513.655274888559	26.89770354906055
514.155522535909	27.47807933194154
514.655770183259	27.92693110647182
515.156017830609	27.09707724425886
515.656265477959	27.18371607515657
516.15651312531	27.23799582463465
516.65676077266	27.80688935281837
517.15700842001	27.68893528183716
517.65725606736	28.09498956158665
518.15750371471	27.8267223382046
518.65775136206	27.97807933194154
519.157999009411	28.03131524008351
519.658246656761	28.87787056367434
520.158494304111	28.37578288100209
520.658741951461	28.56054279749478
521.158989598811	28.33924843423801
521.659237246161	28.160751565762
522.159484893512	28.01356993736953
522.659732540862	28.44572025052192
523.159980188212	27.9498956158664
523.660227835562	27.48747390396659
524.160475482912	27.54697286012528
524.660723130263	27.16805845511483
525.160970777613	27.29227557411275
525.661218424963	26.68893528183716
526.161466072313	26.48329853862213
526.661713719663	27.356993736952
527.161961367013	27.09603340292275
527.662209014363	27.59603340292276
528.162456661714	27.06054279749479
528.662704309064	26.96033402922756
529.162951956414	27.26826722338205
529.663199603764	27.55323590814197
530.163447251114	27.86221294363258
530.663694898465	27.49791231732778
531.163942545815	27.30897703549061
531.664190193165	27.60960334029228
532.164437840515	27.26617954070982
532.664685487865	27.45511482254697
533.164933135216	27.01565762004177
533.665180782566	27.29645093945719
534.165428429916	26.79958246346557
534.665676077266	27.02609603340292
535.165923724616	26.7160751565762
535.666171371966	26.60438413361169
536.166419019316	27.01043841336119
536.666666666667	27.37995824634657
537.166914314017	27.07724425887265
537.667161961367	27.63569937369519
538.167409608717	27.72338204592904
538.667657256067	27.32776617954072
539.167904903418	27.82150313152403
539.668152550768	27.05427974947809
540.168400198118	27.02296450939458
540.668647845468	27.80793319415449
541.168895492818	27.58455114822547
541.669143140168	27.72025052192066
542.169390787519	27.17536534446764
542.669638434869	27.64613778705636
543.169886082219	28.27244258872652
543.670133729569	27.95929018789145
544.170381376919	27.21189979123175
544.670629024269	26.86012526096033
545.17087667162	26.81628392484341
545.67112431897	26.84759916492694
546.17137196632	27.23486430062631
546.67161961367	26.73903966597077
547.17186726102	26.90918580375783
547.672114908371	26.42901878914404
548.172362555721	27.46137787056367
548.672610203071	27.53444676409186
549.172857850421	27.3455114822547
549.673105497771	27.04279749478079
550.173353145121	27.27661795407099
550.673600792471	27.73695198329853
551.173848439822	27.51983298538622
551.674096087172	28.06367432150315
552.174343734522	27.56158663883091
552.674591381872	28.15135699373695
553.174839029222	28.04906054279749
553.675086676573	28.03549060542799
554.175334323923	27.68997912317328
554.675581971273	27.19415448851775
555.175829618623	27.59916492693111
555.676077265973	27.14613778705637
556.176324913323	27.18371607515658
556.676572560674	26.47599164926932
557.176820208024	26.72025052192066
557.677067855374	26.26931106471817
558.177315502724	26.29645093945723
558.677563150074	26.27870563674322
559.177810797424	26.32045929018789
559.678058444775	26.72233820459289
560.178306092125	26.78183716075158
560.678553739475	27.15448851774531
561.178801386825	26.70250521920669
561.679049034175	27.10020876826723
562.179296681526	26.71607515657622
562.679544328876	27.35490605427975
563.179791976226	27.54175365344468
563.680039623576	27.59603340292276
564.180287270926	26.84655532359083
564.680534918276	27.33716075156577
565.180782565626	27.34968684759917
565.681030212977	27.27870563674321
566.181277860327	26.70250521920668
566.681525507677	27.28392484342382
567.181773155027	27.41022964509396
567.682020802377	27.03444676409185
568.182268449728	27.23695198329853
568.682516097078	26.36638830897705
569.182763744428	26.98851774530272
569.683011391778	26.62839248434237
570.183259039128	26.3945720250522
570.683506686478	26.16075156576201
571.183754333829	25.85073068893528
571.684001981179	26.55219206680585
572.184249628529	27.03131524008352
572.684497275879	27.12734864300626
573.184744923229	26.58872651356993
573.684992570579	26.41440501043842
574.18524021793	27.03444676409186
574.68548786528	27.40083507306891
575.18573551263	26.77244258872653
575.68598315998	26.30793319415449
576.18623080733	27.36638830897704
576.686478454681	27.01670146137787
577.186726102031	27.3580375782881
577.686973749381	26.08350730688936
578.187221396731	26.3444676409186
578.687469044081	26.24843423799583
579.187716691431	26.5490605427975
579.687964338782	25.87056367432151
580.188211986132	25.39561586638832
580.688459633482	25.87995824634657
581.188707280832	25.91022964509396
581.688954928182	25.82150313152401
582.189202575532	25.48851774530271
582.689450222883	24.79436325678496
583.189697870233	25.5929018789144
583.689945517583	25.50417536534446
584.190193164933	25.47703549060543
584.690440812283	24.53027139874739
585.190688459634	25.20563674321503
585.690936106984	25.38308977035491
586.191183754334	25.63048016701461
586.691431401684	25.70876826722339
587.191679049034	25.50208768267223
587.691926696384	25.82254697286012
588.192174343734	25.59185803757829
588.692421991085	25.7223382045929
589.192669638435	25.37891440501044
589.692917285785	25.7839248434238
590.193164933135	25.63987473903967
590.693412580485	26.40396659707724
591.193660227836	25.84864300626306
591.693907875186	26.08559498956159
592.194155522536	25.77244258872652
592.694403169886	25.21294363256787
593.194650817236	25.8768267223382
593.694898464586	26.33089770354908
594.195146111937	26.5125260960334
594.695393759287	26.26826722338204
595.195641406637	26.84029227557414
595.695889053987	26.04697286012526
596.196136701337	26.25678496868477
596.696384348687	26.06784968684761
597.196631996038	26.14091858037578
597.696879643388	26.45198329853862
598.197127290738	25.9874739039666
598.697374938088	26.35073068893528
599.197622585438	26.20563674321503
599.697870232789	25.96659707724427
600.198117880139	25.65866388308976
600.698365527489	25.56263048016702
601.198613174839	25.48329853862214
601.698860822189	25.419624217119
602.199108469539	25.8632567849687
602.699356116889	25.93006263048017
603.19960376424	25.82776617954071
603.69985141159	25.75678496868476
604.20009905894	25.46972860125261
604.70034670629	25.46659707724427
605.20059435364	24.43632567849687
605.700842000991	24.5929018789144
606.201089648341	25.51043841336119
606.701337295691	25.2661795407098
607.201584943041	24.34968684759916
607.701832590391	24.39770354906056
608.202080237741	24.53340292275573
608.702327885092	24.23173277661796
609.202575532442	24.01148225469729
609.702823179792	23.79853862212945
610.203070827142	23.74947807933195
610.703318474492	23.67536534446766
611.203566121842	23.72860125260962
611.703813769193	23.51043841336118
612.204061416543	23.09812108559499
612.704309063893	23.57202505219206
613.204556711243	24.017745302714
613.704804358593	23.38517745302715
614.205052005944	23.40292275574114
614.705299653294	23.64613778705638
615.205547300644	23.65240083507308
615.705794947994	23.08663883089769
616.206042595344	24.16492693110647
616.706290242694	23.91753653444676
617.206537890045	24.51565762004175
617.706785537395	24.29331941544885
618.207033184745	24.3830897703549
618.707280832095	23.85908141962424
619.207528479445	23.5741127348643
619.707776126795	24.05114822546973
620.208023774146	23.58663883089771
620.708271421496	23.49164926931106
621.208519068846	23.57828810020877
621.708766716196	24.19311064718164
622.209014363546	23.69206680584552
622.709262010897	23.67327766179541
623.209509658247	23.51252609603339
623.709757305597	22.56993736951985
624.210004952947	23.91440501043841
624.710252600297	23.33716075156577
625.210500247647	23.78288100208769
625.710747894997	23.01983298538622
626.210995542348	22.54070981210856
626.711243189698	23.56054279749478
627.211490837048	22.98434237995825
627.711738484398	22.43528183716075
628.211986131748	22.29645093945721
628.712233779099	22.00208768267224
629.212481426449	22.18684759916493
629.712729073799	22.56576200417537
630.212976721149	21.86116910229646
630.713224368499	22.42275574112735
631.213472015849	22.13152400835073
631.7137196632	22.2035490605428
632.21396731055	22.11586638830898
632.7142149579	22.37891440501044
633.21446260525	21.74530271398748
633.7147102526	22.21294363256786
634.21495789995	22.46659707724426
634.715205547301	22.26931106471817
635.215453194651	22.41858037578288
635.715700842001	22.14509394572025
636.215948489351	22.26096033402922
636.716196136701	22.0929018789144
637.216443784052	22.10020876826723
637.716691431402	22.28079331941545
638.216939078752	21.88100208768267
638.717186726102	22.24425887265136
639.217434373452	22.68371607515658
639.717682020802	22.22651356993737
640.217929668153	22.20146137787057
640.718177315503	22.58559498956158
641.218424962853	22.22233820459292
641.718672610203	22.1482254697286
642.218920257553	22.25052192066805
642.719167904903	21.8893528183716
643.219415552254	22.15657620041754
643.719663199604	21.69624217118999
644.219910846954	21.84864300626305
644.720158494304	21.51252609603341
645.220406141654	21.77661795407099
645.720653789004	21.51565762004176
646.220901436355	21.21711899791232
646.721149083705	21.23068893528184
647.221396731055	21.18058455114823
647.721644378405	21.02296450939457
648.221892025755	21.14822546972861
648.722139673106	20.81002087682673
649.222387320456	20.54592901878916
649.722634967806	20.75365344467641
650.222882615156	21.34864300626306
650.723130262506	21.18997912317328
651.223377909856	20.62630480167014
651.723625557207	20.86221294363256
652.223873204557	20.64926931106472
652.724120851907	20.24321503131525
653.224368499257	20.61899791231732
653.724616146607	20.44258872651357
654.224863793957	20.66075156576201
654.725111441308	20.79227557411273
655.225359088658	20.46137787056367
655.725606736008	20.47599164926931
656.225854383358	20.48329853862213
656.726102030708	20.57306889352818
657.226349678058	21.07828810020876
657.726597325409	20.78079331941545
658.226844972759	20.64091858037579
658.727092620109	21.01565762004174
659.227340267459	20.54279749478079
659.727587914809	21.00835073068894
660.227835562159	20.94572025052193
660.72808320951	20.93945720250522
661.22833085686	20.89979123173278
661.72857850421	20.79749478079331
662.22882615156	21.03131524008352
662.72907379891	21.21920668058456
663.229321446261	20.6722338204593
663.729569093611	20.71085594989561
664.229816740961	20.59603340292276
664.730064388311	21.17432150313153
665.230312035661	21.01983298538623
665.730559683011	20.60960334029227
666.230807330362	20.94467640918581
666.731054977712	20.64196242171191
667.231302625062	20.57933194154489
667.731550272412	20.44676409185804
668.231797919762	20.43423799582464
668.732045567112	20.43736951983298
669.232293214463	20.76931106471817
669.732540861813	21.32359081419625
670.232788509163	20.86116910229646
670.733036156513	19.98538622129437
671.233283803863	20.47703549060543
671.733531451213	20.02609603340292
672.233779098564	20.34759916492693
672.734026745914	20.2035490605428
673.234274393264	20.35699373695199
673.734522040614	20.16075156576201
674.234769687964	20.15240083507307
674.735017335315	19.55949895615866
675.235264982665	19.80584551148225
675.735512630015	19.73277661795407
676.235760277365	19.65344467640919
676.736007924715	20.10960334029227
677.236255572065	19.73695198329854
677.736503219416	20.16075156576201
678.236750866766	20.14091858037579
678.736998514116	20.15553235908142
679.237246161466	19.46659707724427
679.737493808816	19.59916492693111
680.237741456166	19.38935281837161
680.737989103517	19.33716075156575
681.238236750867	19.74321503131524
681.738484398217	19.75156576200418
682.238732045567	19.3643006263048
682.738979692917	19.44572025052191
683.239227340267	19.42693110647182
683.739474987618	19.12004175365344
684.239722634968	19.46555323590814
684.739970282318	19.15240083507307
685.240217929668	19.50417536534447
685.740465577018	19.73903966597077
686.240713224369	19.67745302713988
686.740960871719	19.30480167014613
687.241208519069	19.64613778705636
687.741456166419	19.51565762004176
688.241703813769	19.71294363256784
688.741951461119	20.31210855949896
689.24219910847	19.64718162839249
689.74244675582	19.6356993736952
690.24269440317	19.73695198329854
690.74294205052	19.53131524008351
691.24318969787	19.45615866388309
691.74343734522	19.53966597077245
692.243684992571	19.52400835073068
692.743932639921	19.46450939457203
693.244180287271	19.43215031315241
693.744427934621	19.68684759916493
694.244675581971	19.080375782881
694.744923229321	18.72338204592902
695.245170876672	18.86325678496868
695.745418524022	18.9812108559499
696.245666171372	19.03549060542798
696.745913818722	18.41649269311065
697.246161466072	19.00626304801671
697.746409113422	19.11899791231734
698.246656760773	19.00835073068893
698.746904408123	18.46972860125262
699.247152055473	18.47912317327766
699.747399702823	18.70041753653445
700.247647350173	18.79749478079332
700.747894997524	19.00104384133612
701.248142644874	18.92797494780793
701.748390292224	18.89144050104384
702.248637939574	18.99060542797494
702.748885586924	19.52505219206679
703.249133234274	18.98643006263048
703.749380881625	19.01356993736952
704.249628528975	19.72442588726513
704.749876176325	19.51043841336116
705.250123823675	19.63361169102297
705.750371471025	19.22025052192068
706.250619118375	18.74530271398748
706.750866765726	18.99895615866389
707.251114413076	19.52505219206681
707.751362060426	18.94676409185803
708.251609707776	18.78288100208767
708.751857355126	18.94154488517745
709.252105002476	18.90292275574112
709.752352649827	18.81002087682672
710.252600297177	18.63674321503132
710.752847944527	18.70981210855951
711.253095591877	18.69832985386222
711.753343239227	19.10960334029227
712.253590886578	19.63048016701461
712.753838533928	19.18684759916493
713.254086181278	18.91858037578289
713.754333828628	19.1617954070981
714.254581475978	18.42171189979123
714.754829123328	18.67536534446766
715.255076770679	18.55636743215031
715.755324418029	18.26096033402922
716.255572065379	18.27244258872652
716.755819712729	17.96659707724426
717.256067360079	18.36221294363258
717.756315007429	17.58872651356995
718.25656265478	17.29227557411274
718.75681030213	17.44572025052191
719.25705794948	17.87369519832985
719.75730559683	17.87369519832986
720.25755324418	17.75365344467641
720.75780089153	18.17745302713987
721.258048538881	17.7160751565762
721.758296186231	17.83194154488517
722.258543833581	18.26722338204593
722.758791480931	17.67432150313152
723.259039128281	18.34655532359081
723.759286775631	18.79749478079332
724.259534422982	18.55010438413362
724.759782070332	18.81419624217119
725.260029717682	18.8329853862213
725.760277365032	19.34029227557413
726.260525012382	18.89352818371606
726.760772659733	19.35594989561585
727.261020307083	18.55845511482255
727.761267954433	18.70981210855951
728.261515601783	18.45720250521921
728.761763249133	18.39039665970773
729.262010896483	18.07724425887266
729.762258543834	17.95511482254698
730.262506191184	18.04906054279751
730.762753838534	17.93006263048017
731.263001485884	17.9874739039666
731.763249133234	17.46033402922755
732.263496780584	17.0187891440501
732.763744427935	17.0062630480167
733.263992075285	17.11169102296451
733.764239722635	17.24530271398747
734.264487369985	16.84759916492693
734.764735017335	16.91649269311065
735.264982664685	17.13048016701461
735.765230312036	16.65031315240084
736.265477959386	16.39352818371608
736.765725606736	16.76931106471817
737.265973254086	16.69311064718162
737.766220901436	16.8768267223382
738.266468548787	16.71607515657622
738.766716196137	16.65657620041753
739.266963843487	16.67849686847599
739.767211490837	16.50104384133611
740.267459138187	16.77974947807934
740.767706785537	16.63361169102297
741.267954432888	16.91544885177453
741.768202080238	16.99164926931106
742.268449727588	17.35490605427974
742.768697374938	17.64300626304803
743.268945022288	17.37473903966597
743.769192669638	16.91544885177453
744.269440316989	17.51565762004176
744.769687964339	17.40083507306889
745.269935611689	17.39248434237996
745.770183259039	17.8089770354906
746.270430906389	17.41544885177452
746.770678553739	17.68058455114823
747.27092620109	17.678496868476
747.77117384844	17.18267223382046
748.27142149579	17.71189979123173
748.77166914314	17.54384133611689
749.27191679049	17.66075156576201
749.772164437841	17.83820459290187
750.272412085191	18.08037578288101
750.772659732541	18.03653444676408
751.272907379891	18.20354906054279
751.773155027241	18.2901878914405
752.273402674591	18.69102296450939
752.773650321942	18.50730688935281
753.273897969292	17.95824634655533
753.774145616642	18.26200417536534
754.274393263992	17.98016701461378
754.774640911342	18.32254697286012
755.274888558692	18.88100208768268
755.775136206043	18.54175365344469
756.275383853393	18.87473903966597
756.775631500743	18.59498956158665
757.275879148093	19.02713987473904
757.776126795443	19.72129436325678
758.276374442793	19.91544885177452
758.776622090144	19.28914405010438
759.276869737494	19.95615866388309
759.777117384844	19.49164926931107
760.277365032194	19.99791231732777
760.777612679544	19.80167014613778
761.277860326894	20.54384133611692
761.778107974245	19.96242171189979
762.278355621595	20.76722338204593
762.778603268945	21.27244258872651
763.278850916295	20.36534446764093
763.779098563645	20.10229645093946
764.279346210996	19.76513569937369
764.779593858346	20.04175365344468
765.279841505696	19.90292275574113
765.780089153046	19.50835073068893
766.280336800396	18.9561586638831
766.780584447746	19.03653444676409
767.280832095097	18.82567849686847
767.781079742447	19.0114822546973
768.281327389797	18.90918580375784
768.781575037147	18.38935281837161
769.281822684497	18.34342379958246
769.782070331847	18.06054279749479
770.282317979198	18.1670146137787
770.782565626548	17.55636743215031
771.282813273898	17.21085594989562
771.783060921248	16.7338204592902
772.283308568598	15.86847599164927
772.783556215948	15.46972860125261
773.283803863299	14.91858037578288
773.784051510649	14.67536534446764
774.284299157999	13.72546972860126
774.784546805349	13.86116910229645
775.284794452699	14.05010438413361
775.78504210005	13.8768267223382
776.2852897474	13.89144050104384
776.78553739475	13.67118997912316
777.2857850421	13.52192066805845
777.78603268945	13.71085594989562
778.2862803368	13.73382045929019
778.786527984151	13.6169102296451
779.286775631501	13.43006263048017
779.787023278851	13.59707724425888
780.287270926201	13.81837160751564
780.787518573551	13.53862212943632
781.287766220901	13.09081419624217
781.788013868252	12.88100208768267
782.288261515602	12.71711899791232
782.788509162952	13.2223382045929
783.288756810302	12.97286012526095
783.789004457652	13.08559498956158
784.289252105002	13.32567849686848
784.789499752353	13.12421711899792
785.289747399703	12.93841336116911
785.789995047053	13.33402922755741
786.290242694403	13.23068893528185
786.790490341753	13.27453027139875
787.290737989103	13.33716075156577
787.790985636454	13.55741127348642
788.291233283804	13.80062630480167
788.791480931154	13.50313152400835
789.291728578504	13.22755741127348
789.791976225854	12.63361169102295
790.292223873205	13.10647181628392
790.792471520555	12.86743215031315
791.292719167905	12.89248434237996
791.792966815255	12.74321503131524
792.293214462605	12.55114822546973
792.793462109955	13.25991649269311
793.293709757306	13.3768267223382
793.793957404656	12.8277661795407
794.294205052006	11.98329853862213
794.794452699356	11.73903966597076
795.294700346706	11.47181628392485
795.794947994056	11.60020876826723
796.295195641407	11.56576200417537
796.795443288757	11.38204592901878
797.295690936107	11.75365344467641
797.795938583457	11.93319415448852
798.296186230807	11.77557411273486
798.796433878157	11.40501043841336
799.296681525508	11.73903966597078
799.796929172858	11.13152400835073
800.297176820208	11.82985386221294
800.797424467558	11.4446764091858
801.297672114908	11.96868475991649
801.797919762259	11.45093945720251
802.298167409609	11.91022964509395
802.798415056959	12.22338204592902
803.298662704309	12.12108559498957
803.798910351659	11.29958246346557
804.299157999009	11.59185803757829
804.79940564636	11.98329853862213
805.29965329371	12.01356993736952
805.79990094106	11.92484342379958
806.30014858841	11.88100208768267
806.80039623576	12.258872651357
807.30064388311	12.19624217118998
807.800891530461	12.13569937369521
808.301139177811	11.81941544885177
808.801386825161	11.96137787056367
809.301634472511	12.21711899791231
809.801882119861	12.03340292275573
810.302129767211	12.1983298538622
810.802377414562	12.04697286012527
811.302625061912	12.21816283924843
811.802872709262	12.43632567849687
812.303120356612	12.24217118997912
812.803368003962	11.80897703549061
813.303615651312	12.27348643006264
813.803863298663	12.23799582463466
814.304110946013	12.31628392484341
814.804358593363	12.68893528183717
815.304606240713	12.27974947807933
815.804853888063	12.22129436325678
816.305101535414	12.38413361169103
816.805349182764	12.65866388308977
817.305596830114	12.44258872651358
817.805844477464	12.38935281837161
818.306092124814	12.14509394572025
818.806339772164	12.45198329853862
819.306587419515	12.41440501043842
819.806835066865	12.31732776617953
820.307082714215	12.21816283924843
820.807330361565	12.60334029227559
821.307578008915	12.69415448851774
821.807825656265	12.76200417536534
822.308073303616	12.821503131524
822.808320950966	13.07515657620042
823.308568598316	13.26200417536535
823.808816245666	13.74008350730689
824.309063893016	14.04801670146139
824.809311540366	13.64613778705638
825.309559187717	13.8027139874739
825.809806835067	14.15344467640918
826.310054482417	14.40605427974948
826.810302129767	14.2160751565762
827.310549777117	14.16388308977035
827.810797424468	14.31628392484344
828.311045071818	14.89561586638832
828.811292719168	14.83924843423799
829.311540366518	14.64300626304801
829.811788013868	14.6482254697286
830.312035661218	14.25887265135699
830.812283308569	14.73486430062631
831.312530955919	15.0062630480167
831.812778603269	15.55010438413361
832.313026250619	15.76931106471818
832.813273897969	16.87891440501043
833.313521545319	18.17536534446764
833.81376919267	19.30584551148225
834.31401684002	19.52087682672234
834.81426448737	19.29018789144051
835.31451213472	18.37787056367431
835.81475978207	16.39979123173278
836.31500742942	15.85594989561588
836.815255076771	14.72755741127348
837.315502724121	14.06158663883089
837.815750371471	13.04697286012525
838.315998018821	13.23903966597077
838.816245666171	13.10960334029227
839.316493313522	12.64718162839248
839.816740960872	12.68162839248435
840.316988608222	13.32672233820459
840.817236255572	13.63361169102297
841.317483902922	14.29436325678497
841.817731550272	14.43319415448851
842.317979197623	14.41649269311063
842.818226844973	14.15762004175365
843.318474492323	13.61482254697286
843.818722139673	13.02192066805846
844.318969787023	11.79331941544885
844.819217434373	11.49060542797494
845.319465081724	11.44363256784969
845.819712729074	11.48538622129437
846.319960376424	10.93423799582463
846.820208023774	10.24321503131524
847.320455671124	10.09707724425888
847.820703318474	10.04801670146138
848.320950965825	9.641962421711899
848.821198613175	9.311064718162838
849.321446260525	9.286012526096028
849.821693907875	9.344467640918573
850.321941555225	9.133611691022967
850.822189202575	9.186847599164921
851.322436849926	9.102296450939452
851.822684497276	9.046972860125269
852.322932144626	9.117954070981218
852.823179791976	9.137787056367431
853.323427439326	9.535490605427976
853.823675086677	9.296450939457204
854.323922734027	9.179540709812109
854.824170381377	9.08872651356994
855.324418028727	8.777661795407093
855.824665676077	8.511482254697288
856.324913323427	8.262004175365341
856.825160970778	8.011482254697285
857.325408618128	8.196242171189983
857.825656265478	7.641962421711896
858.325903912828	7.575156576200425
858.826151560178	7.526096033402925
859.326399207528	7.267223382045924
859.826646854879	7.732776617954069
860.326894502229	7.969728601252614
860.827142149579	7.800626304801677
861.327389796929	7.679540709812105
861.827637444279	7.777661795407096
862.327885091629	7.859081419624216
862.82813273898	7.436325678496874
863.32838038633	7.132567849686851
863.82862803368	7.117954070981209
864.32887568103	7.170146137787054
864.82912332838	7.163883089770357
865.329370975731	6.86116910229645
865.829618623081	6.674321503131529
866.329866270431	6.891440501043843
866.830113917781	6.745302713987474
867.330361565131	6.713987473903969
867.830609212481	6.725469728601253
868.330856859832	6.590814196242169
868.831104507182	6.462421711899787
869.331352154532	6.617954070981211
869.831599801882	6.821503131524006
870.331847449232	6.905010438413356
870.832095096583	6.683716075156576
871.332342743933	6.717118997912316
871.832590391283	6.694154488517746
872.332838038633	6.823590814196244
872.833085685983	6.549060542797497
873.333333333333	6.961377870563672
873.833580980683	6.86534446764092
874.333828628034	6.994780793319414
874.834076275384	6.867432150313156
875.334323922734	6.7286012526096
875.834571570084	6.415448851774534
876.334819217434	6.778705636743219
876.835066864784	6.933194154488515
877.335314512135	6.986430062630476
877.835562159485	6.909185803757831
878.335809806835	6.839248434237999
878.836057454185	6.827766179540711
879.336305101535	7.051148225469733
879.836552748886	6.794363256784972
880.336800396236	6.705636743215035
880.837048043586	6.927974947807932
881.337295690936	7.260960334029225
881.837543338286	7.493736951983301
882.337790985637	7.184759916492695
882.838038632987	7.034446764091864
883.338286280337	7.138830897703555
883.838533927687	7.060542797494779
884.338781575037	7.527139874739039
884.839029222387	7.3580375782881
885.339276869738	7.637787056367433
885.839524517088	7.378914405010437
886.339772164438	7.654488517745301
886.840019811788	7.921711899791234
887.340267459138	7.604384133611694
887.840515106488	7.828810020876826
888.340762753839	8.003131524008351
888.841010401189	8.025052192066804
889.341258048539	7.851774530271399
889.841505695889	8.154488517745305
890.341753343239	8.157620041753656
890.842000990589	8.345511482254707
891.34224863794	8.320459290187895
891.84249628529	8.425887265135694
892.34274393264	8.243215031315239
892.84299157999	8.555323590814192
893.34323922734	8.417536534446764
893.84348687469	8.355949895615872
894.343734522041	8.473903966597078
894.843982169391	8.405010438413356
895.344229816741	8.115866388308978
895.844477464091	8.046972860125257
896.344725111441	8.311064718162843
896.844972758792	8.616910229645097
897.345220406142	8.328810020876823
897.845468053492	8.396659707724426
898.345715700842	8.288100208768268
898.845963348192	8.479123173277662
899.346210995542	8.869519832985393
899.846458642893	8.756784968684768
900.346706290243	8.723382045929027
900.846953937593	8.735908141962424
901.347201584943	9.077244258872648
901.847449232293	9.443632567849685
902.347696879643	9.541753653444674
902.847944526994	9.484342379958239
903.348192174344	10.19937369519833
903.848439821694	10.19832985386222
904.348687469044	10.57515657620042
904.848935116394	10.78810020876826
905.349182763744	10.67432150313152
905.849430411095	11.31419624217119
906.349678058445	11.81106471816283
906.849925705795	11.09603340292276
907.350173353145	11.55323590814196
907.850421000495	12.1910229645094
908.350668647846	12.86012526096033
908.850916295196	14.35177453027138
909.351163942546	14.46972860125261
909.851411589896	13.91231732776619
910.351659237246	13.52400835073069
910.851906884596	13.85281837160753
911.352154531947	15.26304801670148
911.852402179297	14.84342379958247
912.352649826647	14.86116910229645
912.852897473997	15.74425887265135
913.353145121347	21.73799582463467
913.853392768697	31.88100208768266
914.353640416048	25.37787056367432
914.853888063398	17.32254697286012
915.354135710748	13.35281837160751
915.854383358098	11.26304801670146
916.354631005448	12.0918580375783
916.854878652798	12.11586638830898
917.355126300149	8.639874739039664
917.855373947499	6.823590814196244
918.355621594849	5.978079331941541
918.855869242199	5.844467640918581
919.356116889549	5.25782881002088
919.856364536899	5.193110647181629
920.35661218425	5.330897703549065
920.8568598316	5.26826722338205
921.35710747895	5.205636743215032
921.8573551263	4.943632567849684
922.35760277365	4.802713987473904
922.857850421001	4.827766179540711
923.358098068351	5.289144050104384
923.858345715701	4.74321503131524
924.358593363051	4.703549060542799
924.858841010401	4.600208768267223
925.359088657751	4.250521920668058
925.859336305102	4.202505219206681
926.359583952452	4.282881002087683
926.859831599802	4.244258872651359
927.360079247152	4.203549060542797
927.860326894502	4.450939457202503
928.360574541852	4.461377870563672
928.860822189203	4.539665970772442
929.361069836553	4.7776617954071
929.861317483903	5.275574112734864
930.361565131253	5.197286012526096
930.861812778603	4.757828810020879
931.362060425953	4.2160751565762
931.862308073304	3.897703549060542
932.362555720654	4.271398747390399
932.862803368004	4.788100208768268
933.363051015354	6.171189979123172
933.863298662704	6.280793319415448
934.363546310055	5.483298538622128
934.863793957405	4.693110647181626
935.364041604755	3.727557411273485
935.864289252105	3.473903966597077
936.364536899455	3.198329853862213
936.864784546805	2.81732776617954
937.365032194156	2.588726513569936
937.865279841506	2.420668058455115
938.365527488856	2.241127348643005
938.865775136206	2.060542797494782
939.366022783556	2.066805845511482
939.866270430906	2.088726513569938
940.366518078257	2.006263048016702
940.866765725607	2.108559498956159
941.367013372957	2.022964509394573
941.867261020307	1.961377870563674
942.367508667657	1.871607515657621
942.867756315007	1.829853862212945
943.368003962358	1.810020876826723
943.868251609708	1.573068893528184
944.368499257058	1.680584551148226
944.868746904408	1.674321503131526
945.368994551758	1.700417536534446
945.869242199108	1.611691022964509
946.369489846459	1.53027139874739
946.869737493809	1.537578288100209
947.369985141159	1.599164926931107
947.870232788509	1.599164926931106
948.370480435859	1.481210855949896
948.87072808321	1.572025052192068
949.37097573056	1.472860125260961
949.87122337791	1.485386221294364
950.37147102526	1.596033402922756
950.87171867261	1.581419624217119
951.37196631996	1.509394572025052
951.872213967311	1.501043841336118
952.372461614661	1.582463465553237
952.872709262011	1.582463465553236
953.372956909361	1.462421711899792
953.873204556711	1.504175365344468
954.373452204061	1.551148225469729
954.873699851412	1.621085594989561
955.373947498762	1.631524008350731
955.874195146112	1.651356993736951
956.374442793462	1.480167014613779
956.874690440812	1.48956158663883
957.374938088162	1.596033402922755
957.875185735513	1.450939457202506
958.375433382863	1.550104384133611
958.875681030213	1.440501043841335
959.375928677563	1.482254697286013
959.876176324913	1.482254697286012
960.376423972264	1.582463465553235
960.876671619614	1.445720250521921
961.376919266964	1.461377870563674
961.877166914314	1.507306889352817
962.377414561664	1.562630480167015
962.877662209014	1.648225469728601
963.377909856365	1.442588726513571
963.878157503715	1.544885177453028
964.378405151065	1.513569937369519
964.878652798415	1.540709812108559
965.378900445765	1.565762004175365
965.879148093115	1.549060542797494
966.379395740466	1.604384133611691
966.879643387816	1.559498956158665
967.379891035166	1.509394572025053
967.880138682516	1.491649269311064
968.380386329866	1.406054279749478
968.880633977216	1.440501043841337
969.380881624567	1.471816283924843
969.881129271917	1.532359081419624
970.381376919267	1.440501043841336
970.881624566617	1.440501043841337
971.381872213967	1.514613778705637
971.882119861318	1.407098121085595
972.382367508668	1.546972860125261
972.882615156018	1.503131524008349
973.382862803368	1.413361169102296
973.883110450718	1.494780793319416
974.383358098068	1.581419624217119
974.883605745419	1.572025052192065
975.383853392769	1.607515657620041
975.884101040119	1.407098121085595
976.384348687469	1.441544885177453
976.884596334819	1.583507306889354
977.384843982169	1.653444676409185
977.88509162952	1.582463465553237
978.38533927687	1.42901878914405
978.88558692422	1.562630480167016
979.38583457157	1.518789144050104
979.88608221892	1.608559498956157
980.38632986627	1.553235908141963
980.886577513621	1.481210855949897
981.386825160971	1.540709812108558
981.887072808321	1.409185803757829
982.387320455671	1.45929018789144
982.887568103021	1.463465553235909
983.387815750371	1.495824634655534
983.888063397722	1.444676409185804
984.388311045072	1.50313152400835
984.888558692422	1.434237995824634
985.388806339772	1.4321503131524
985.889053987122	1.506263048016701
986.389301634473	1.543841336116908
986.889549281823	1.561586638830898
987.389796929173	1.582463465553236
987.890044576523	1.543841336116911
988.390292223873	1.584551148225469
988.890539871223	1.603340292275574
989.390787518574	1.479123173277661
989.891035165924	1.522964509394573
990.391282813274	1.457202505219208
990.891530460624	1.515657620041754
991.391778107974	1.549060542797496
991.892025755324	1.522964509394573
992.392273402675	1.469728601252609
992.892521050025	1.459290187891441
993.392768697375	1.444676409185803
993.893016344725	1.543841336116911
994.393263992075	1.584551148225471
994.893511639425	1.55427974947808
995.393759286776	1.640918580375783
995.894006934126	1.594989561586639
996.394254581476	1.569937369519834
996.894502228826	1.540709812108558
997.394749876176	1.586638830897704
997.894997523527	1.544885177453027
998.395245170877	1.529227557411273
998.895492818227	1.597077244258871
999.395740465577	1.549060542797495
999.895988112927	1.513569937369519
1000.39623576028	1.620041753653445
1000.89648340763	1.651356993736953
1001.39673105498	1.691022964509395
1001.89697870233	1.695198329853864
1002.39722634968	1.695198329853861
1002.89747399703	1.742171189979123
1003.39772164438	1.686847599164927
1003.89796929173	1.574112734864302
1004.39821693908	1.553235908141963
1004.89846458643	1.640918580375784
1005.39871223378	1.536534446764092
1005.89895988113	1.632567849686848
1006.39920752848	1.606471816283924
1006.89945517583	1.633611691022965
1007.39970282318	1.594989561586639
1007.89995047053	1.626304801670146
1008.40019811788	1.65553235908142
1008.90044576523	1.626304801670148
1009.40069341258	1.606471816283925
1009.90094105993	1.593945720250521
1010.40118870728	1.603340292275574
1010.90143635463	1.534446764091858
1011.40168400198	1.58455114822547
1011.90193164933	1.62839248434238
1012.40217929668	1.607515657620042
1012.90242694403	1.662839248434236
1013.40267459138	1.565762004175365
1013.90292223873	1.638830897703548
1014.40316988608	1.829853862212944
1014.90341753343	1.713987473903967
1015.40366518078	1.648225469728601
1015.90391282813	1.649269311064718
1016.40416047548	1.525052192066806
1016.90440812283	1.771398747390396
1017.40465577018	1.733820459290188
1017.90490341753	1.590814196242172
1018.40515106488	1.605427974947806
1018.90539871223	1.684759916492693
1019.40564635958	1.585594989561587
1019.90589400693	1.747390396659706
1020.40614165428	1.697286012526096
1020.90638930163	1.795407098121086
1021.40663694898	1.640918580375782
1021.90688459633	1.717118997912319
1022.40713224368	1.640918580375783
1022.90737989104	1.702505219206682
1023.40762753839	1.73695198329854
1023.90787518574	1.653444676409186
1024.40812283309	1.772442588726514
1024.90837048044	1.731732776617953
1025.40861812779	1.737995824634655
1025.90886577514	1.641962421711899
1026.40911342249	1.742171189979124
1026.90936106984	1.632567849686847
1027.40960871719	1.713987473903967
1027.90985636454	1.797494780793321
1028.41010401189	1.659707724425887
1028.91035165924	1.72964509394572
1029.41059930659	1.788100208768268
1029.91084695394	1.719206680584552
1030.41109460129	1.778705636743215
1030.91134224864	1.713987473903966
1031.41158989599	1.784968684759916
1031.91183754334	1.72651356993737
1032.41208519069	1.769311064718163
1032.91233283804	1.807933194154487
1033.41258048539	1.842379958246346
1033.91282813274	1.945720250521919
1034.41307578009	1.832985386221296
1034.91332342744	1.839248434237996
1035.41357107479	1.859081419624218
1035.91381872214	1.768267223382047
1036.41406636949	1.755741127348642
1036.91431401684	1.855949895615866
1037.41456166419	1.818371607515657
1037.91480931154	1.894572025052192
1038.41505695889	1.806889352818372
1038.91530460624	1.798538622129436
1039.41555225359	1.983298538622129
1039.91579990094	1.90918580375783
1040.41604754829	1.810020876826725
1040.91629519564	1.887265135699374
1041.41654284299	1.853862212943633
1041.91679049034	1.986430062630481
1042.41703813769	1.872651356993738
1042.91728578504	1.960334029227559
1043.41753343239	2.068893528183716
1043.91778107974	1.86847599164927
1044.41802872709	2.05741127348643
1044.91827637444	1.978079331941544
1045.41852402179	1.912317327766179
1045.91877166914	1.975991649269309
1046.41901931649	1.959290187891441
1046.91926696384	2.08455114822547
1047.41951461119	2.012526096033402
1047.91976225854	1.885177453027141
1048.42000990589	2.021920668058454
1048.92025755324	2.08768267223382
1049.42050520059	1.960334029227558
1049.92075284794	2.021920668058455
1050.42100049529	1.987473903966598
1050.92124814264	2.08141962421712
1051.42149578999	2.091858037578286
1051.92174343735	1.962421711899791
1052.4219910847	2.096033402922758
1052.92223873205	1.862212943632568
1053.4224863794	2.130480167014615
1053.92273402675	2.088726513569937
1054.4229816741	1.962421711899791
1054.92322932145	2.052192066805844
1055.4234769688	2.235908141962422
1055.92372461615	2.143006263048016
1056.4239722635	2.181628392484341
1056.92421991085	2.144050104384134
1057.4244675582	2.149269311064719
1057.92471520555	2.055323590814196
1058.4249628529	2.027139874739041
1058.92521050025	2.088726513569937
1059.4254581476	2.240083507306889
1059.92570579495	2.020876826722338
1060.4259534423	2.22964509394572
1060.92620108965	2.115866388308977
1061.426448737	2.230688935281837
1061.92669638435	2.220250521920667
1062.4269440317	2.093945720250522
1062.92719167905	2.266179540709811
1063.4274393264	2.212943632567848
1063.92768697375	2.231732776617954
1064.4279346211	2.236951983298539
1064.92818226845	2.250521920668059
1065.4284299158	2.286012526096033
1065.92867756315	2.286012526096034
1066.4289252105	2.313152400835074
1066.92917285785	2.291231732776617
1067.4294205052	2.462421711899793
1067.92966815255	2.407098121085594
1068.4299157999	2.441544885177452
1068.93016344725	2.38517745302714
1069.4304110946	2.456158663883088
1069.93065874195	2.431106471816286
1070.4309063893	2.360125260960333
1070.93115403665	2.468684759916492
1071.431401684	2.451983298538626
1071.93164933135	2.363256784968685
1072.4318969787	2.615866388308977
1072.93214462605	2.526096033402921
1073.4323922734	2.454070981210856
1073.93263992075	2.624217118997913
1074.4328875681	2.781837160751566
1074.93313521545	3.165970772442589
1075.4333828628	3.321503131524008
1075.93363051015	3.706680584551146
1076.4338781575	4.345511482254697
1076.93412580485	5.035490605427975
1077.4343734522	5.48434237995825
1077.93462109955	5.546972860125257
1078.4348687469	4.896659707724425
1078.93511639425	4.363256784968685
1079.4353640416	3.706680584551148
1079.93561168895	2.948851774530271
1080.43585933631	2.590814196242172
1080.93610698366	2.402922755741127
1081.43635463101	2.232776617954072
1081.93660227836	2.158663883089771
1082.43684992571	1.920668058455116
1082.93709757306	1.925887265135699
1083.43734522041	1.977035490605428
1083.93759286776	2.018789144050106
1084.43784051511	1.877870563674322
1084.93808816246	1.95615866388309
1085.43833580981	1.892484342379959
1085.93858345716	2.017745302713988
1086.43883110451	2.125260960334029
1086.93907875186	1.88935281837161
1087.43932639921	1.99269311064718
1087.93957404656	1.974947807933195
1088.43982169391	2.04384133611691
1088.94006934126	2.051148225469729
1089.44031698861	2.149269311064717
1089.94056463596	2.068893528183715
1090.44081228331	2.088726513569938
1090.94105993066	2.154488517745303
1091.44130757801	2.139874739039665
1091.94155522536	2.127348643006262
1092.44180287271	2.044885177453027
1092.94205052006	2.103340292275575
1093.44229816741	2.151356993736953
1093.94254581476	2.191022964509394
1094.44279346211	2.280793319415449
1094.94304110946	2.289144050104384
1095.44328875681	2.221294363256787
1095.94353640416	2.120041753653445
1096.44378405151	2.320459290187889
1096.94403169886	2.139874739039666
1097.44427934621	2.093945720250523
1097.94452699356	2.271398747390397
1098.44477464091	2.177453027139875
1098.94502228826	2.279749478079332
1099.44526993561	2.317327766179541
1099.94551758296	2.308977035490607
1100.44576523031	2.473903966597076
1100.94601287766	2.302713987473906
1101.44626052501	2.455114822546971
1101.94650817236	2.298538622129437
1102.44675581971	2.449895615866386
1102.94700346706	2.417536534446765
1103.44725111441	2.417536534446765
1103.94749876176	2.457202505219207
1104.44774640911	2.55114822546973
1104.94799405646	2.566805845511482
1105.44824170381	2.493736951983299
1105.94848935116	2.447807933194154
1106.44873699851	2.460334029227556
1106.94898464586	2.450939457202506
1107.44923229321	2.450939457202505
1107.94947994056	2.422755741127347
1108.44972758791	2.556367432150314
1108.94997523526	2.383089770354906
1109.45022288262	2.343423799582462
1109.95047052997	2.505219206680585
1110.45071817732	2.366388308977034
1110.95096582467	2.277661795407098
1111.45121347202	2.416492693110646
1111.95146111937	2.468684759916494
1112.45170876672	2.388308977035492
1112.95195641407	2.54384133611691
1113.45220406142	2.464509394572024
1113.95245170877	2.493736951983299
1114.45269935612	2.464509394572025
1114.95294700347	2.421711899791231
1115.45319465082	2.376826722338205
1115.95344229817	2.401878914405009
1116.45368994552	2.53653444676409
1116.95393759287	2.426931106471817
1117.45418524022	2.61169102296451
1117.95443288757	2.623173277661796
1118.45468053492	2.412317327766178
1118.95492818227	2.667014613778705
1119.45517582962	2.737995824634655
1119.95542347697	3.078288100208768
1120.45567112432	3.352818371607516
1120.95591877167	4.031315240083505
1121.45616641902	5.001043841336119
1121.95641406637	5.768267223382048
1122.45666171372	6.694154488517741
1122.95690936107	6.98643006263048
1123.45715700842	7.815240083507307
1123.95740465577	8.685803757828811
1124.45765230312	9.080375782881005
1124.95789995047	8.854906054279754
1125.45814759782	8.509394572025048
1125.95839524517	7.378914405010444
1126.45864289252	5.538622129436327
1126.95889053987	4.174321503131524
1127.45913818722	2.965553235908142
1127.95938583457	2.457202505219209
1128.45963348192	1.863256784968687
1128.95988112927	1.730688935281838
1129.46012877662	1.535490605427975
1129.96037642397	1.341336116910229
1130.46062407132	1.250521920668058
1130.96087171867	1.212943632567849
1131.46111936602	1.148225469728601
1131.96136701337	0.8674321503131524
1132.46161466072	0.7453027139874739
1132.96186230807	0.7599164926931107
1133.46210995542	0.6951983298538623
1133.96235760277	0.6784968684759917
1134.46260525012	0.6701461377870563
1134.96285289747	0.7035490605427975
1135.46310054482	0.6617954070981211
1135.96334819217	0.6127348643006263
1136.46359583952	0.5949895615866388
1136.96384348687	0.5803757828810021
1137.46409113422	0.5762004175365344
1137.96433878157	0.6847599164926931
1138.46458642893	0.6169102296450939
1138.96483407628	0.592901878914405
1139.46508172363	0.6471816283924845
1139.96532937098	0.5845511482254697
1140.46557701833	0.6388308977035491
1140.96582466568	0.5386221294363258
1141.46607231303	0.5845511482254697
1141.96631996038	0.6075156576200418
1142.46656760773	0.582463465553236
1142.96681525508	0.5720250521920668
1143.46706290243	0.5490605427974948
1143.96731054978	0.5407098121085596
1144.46755819713	0.5302713987473904
1144.96780584448	0.5219206680584552
1145.46805349183	0.5365344467640919
1145.96830113918	0.5386221294363258
1146.46854878653	0.5448851774530271
1146.96879643388	0.5887265135699374
1147.46904408123	0.5386221294363259
1147.96929172858	0.5730688935281837
1148.46953937593	0.5845511482254699
1148.96978702328	0.5438413361169102
1149.47003467063	0.5521920668058454
1149.97028231798	0.5365344467640919
1150.47052996533	0.5615866388308979
1150.97077761268	0.5073068893528185
1151.47102526003	0.5271398747390397
1151.97127290738	0.5501043841336116
1152.47152055473	0.5323590814196242
1152.97176820208	0.615866388308977
1153.47201584943	0.5177453027139874
1153.97226349678	0.6075156576200418
1154.47251114413	0.478079331941545
1154.97275879148	0.5375782881002087
1155.47300643883	0.5156576200417536
1155.97325408618	0.5208768267223384
1156.47350173353	0.615866388308977
1156.97374938088	0.5501043841336117
1157.47399702823	0.5052192066805845
1157.97424467558	0.5156576200417536
1158.47449232293	0.572025052192067
1158.97473997028	0.5125260960334028
1159.47498761763	0.615866388308977
1159.97523526498	0.520876826722338
1160.47548291233	0.5615866388308977
1160.97573055968	0.5657620041753654
1161.47597820703	0.57098121085595
1161.97622585438	0.5260960334029228
1162.47647350173	0.5720250521920668
1162.97672114908	0.5594989561586639
1163.47696879643	0.6075156576200418
1163.97721644378	0.651356993736952
1164.47746409113	0.5908141962421712
1164.97771173848	0.6847599164926931
1165.47795938583	0.6304801670146137
1165.97820703318	0.6346555323590816
1166.47845468053	0.6346555323590815
1166.97870232789	0.6450939457202505
1167.47894997524	0.6116910229645094
1167.97919762259	0.7171189979123174
1168.47944526994	0.7098121085594989
1168.97969291729	0.7515657620041754
1169.47994056464	0.6711899791231732
1169.98018821199	0.7139874739039667
1170.48043585934	0.6137787056367432
1170.98068350669	0.6670146137787055
1171.48093115404	0.7515657620041755
1171.98117880139	0.6670146137787057
1172.48142644874	0.7035490605427975
1172.98167409609	0.7369519832985386
1173.48192174344	0.7379958246346555
1173.98216939079	0.7901878914405011
1174.48241703814	0.6430062630480167
1174.98266468549	0.7286012526096033
1175.48291233284	0.8016701461377872
1175.98315998019	0.7776617954070982
1176.48340762754	0.8434237995824637
1176.98365527489	0.8872651356993737
1177.48390292224	0.8496868475991649
1177.98415056959	0.8141962421711902
1178.48439821694	0.8684759916492694
1178.98464586429	0.8037578288100209
1179.48489351164	0.7620041753653445
1179.98514115899	0.755741127348643
1180.48538880634	0.7160751565762006
1180.98563645369	0.6931106471816284
1181.48588410104	0.7306889352818372
1181.98613174839	0.7265135699373696
1182.48637939574	0.7901878914405009
1182.98662704309	0.8329853862212944
1183.48687469044	0.7515657620041754
1183.98712233779	0.7818371607515661
1184.48736998514	0.7974947807933195
1184.98761763249	0.9008350730688937
1185.48786527984	0.8267223382045931
1185.98811292719	0.8016701461377873
1186.48836057454	0.7974947807933194
1186.98860822189	0.7244258872651357
1187.48885586924	0.7473903966597077
1187.98910351659	0.6993736951983299
1188.48935116394	0.7640918580375784
1188.98959881129	0.6732776617954074
1189.48984645864	0.6346555323590815
1189.99009410599	0.6607515657620043
1190.49034175334	0.5803757828810023
1190.99058940069	0.5929018789144053
1191.49083704804	0.6388308977035491
1191.99108469539	0.6764091858037579
1192.49133234274	0.6837160751565762
1192.99157999009	0.7536534446764092
1193.49182763744	0.8183716075156576
1193.99207528479	0.9791231732776617
1194.49232293214	1.444676409185803
1194.99257057949	2.046972860125261
1195.49281822684	2.865344467640918
1195.9930658742	3.748434237995824
1196.49331352155	4.455114822546973
1196.9935611689	4.946764091858038
1197.49380881625	4.709812108559499
1197.9940564636	3.560542797494781
1198.49430411095	2.684759916492694
1198.9945517583	1.542797494780794
1199.49479940565	0.7338204592901879
1199.995047053	0.4206680584551148
1200.49529470035	0.255741127348643
1200.9955423477	0.1356993736951983
1201.49578999505	0.08559498956158663
1201.9960376424	0.07515657620041753
1202.49628528975	0.04592901878914405
1202.9965329371	0.03549060542797495
1203.49678058445	0.04592901878914405
1203.9970282318	0.04384133611691023
1204.49727587915	0.03131524008350731
1204.9975235265	0.01670146137787056
1205.49777117385	0.02505219206680585
1205.9980188212	0.03549060542797495
1206.49826646855	0.02505219206680585
1206.9985141159	0.1022964509394572
1207.49876176325	0.1002087682672234
1207.9990094106	0.06889352818371608
1208.49925705795	0.08768267223382047
1208.9995047053	0.06680584551148225
1209.49975235265	0.07515657620041753
1210	0.04592901878914405
